tree
version=v4
num_class=1
num_tree_per_iteration=1
label_index=0
max_feature_idx=7
objective=binary sigmoid:1
feature_names=ma_ratio_close_30 trade_count_log_z_120 parkinson_vol_80 realized_vol_z_400 imbalance_x_high_volatility_14 trade_size_base_log_delta_50 bb_pos_320 imbalance_x_high_volume_20
feature_infos=[-0.27472619445129109:0.17491257839904728] [-9.9993278619748409:7.4465939108618153] [0.00019024190211402835:0.038861390752941045] [-18.403956200111153:16.466320391881553] [-10.070698810666146:10.407850980150689] [-0.50176914033647146:0.42335991727006855] [-5.453461664658489:6.5921917554582539] [-12.558484234344322:11.615863322991107]
tree_sizes=1735 1822 1820 1821 1811 1817 1809 1817 1814 1821 1818 1783 1822 1811 1801 1830 1805 1814 1820 1822 1830 1805 1790 1825

Tree=0
num_leaves=15
num_cat=0
split_feature=0 0 0 0 0 0 6 1 6 6 0 0 6 0
split_gain=2649.89 1756.73 335.863 346.05 198.227 180.073 245.714 76.3133 36.8328 36.0735 35.6008 33.9828 25.0308 23.3205
threshold=-0.0042624406283175978 0.0071404733379826233 -0.0020390198711455194 0.0030769739114481225 0.018387226209576338 -0.013675986149512763 -1.4079818469531098 0.52400725186992358 0.36268584763284845 -1.6317959074577066 0.01097405567358223 -0.039029755399088088 -1.5382317024641636 -0.025382312272960224
decision_type=8 8 10 10 10 10 8 10 8 8 10 10 10 10
left_child=5 2 8 -4 10 9 12 -8 -2 11 -3 -1 -7 -11
right_child=1 4 3 -5 -6 6 7 -9 -10 13 -12 -13 -14 -15
leaf_value=0.94381987414004698 0.91450659393813705 0.92055699996729867 0.90367754629740127 0.91327834722368428 0.93633123493197512 0.89245692429581891 0.93248525666105353 0.92429022599040189 0.9214612698450162 0.94546621884139204 0.92637832250171026 0.92121756935311172 0.9124242676303489 0.93739601521674598
leaf_weight=79.5943383872509 2594.5713433772326 2020.4716667532921 13004.694452241063 4597.4914380759001 1486.7814234644175 145.1066015213728 3503.783593416214 1540.0484037697315 919.62074044346809 636.958795145154 1907.4068886339664 228.37452475726604 108.5748410820961 1489.8427441716194
leaf_count=390 12713 9900 63721 22527 7285 711 17168 7546 4506 3121 9346 1119 532 7300
internal_value=0.916282 0.911779 0.907868 0.906179 0.927005 0.931726 0.928555 0.930016 0.916319 0.938523 0.923418 0.927932 0.900307 0.939967
internal_weight=34263.3 26531 21116.4 17602.2 5414.66 7732.28 5297.51 5043.83 3514.19 2434.77 3927.88 307.969 253.681 2126.8
internal_count=167885 129998 103467 86248 26531 37887 25957 24714 17219 11930 19246 1509 1243 10421
is_linear=0
shrinkage=1


Tree=1
num_leaves=15
num_cat=0
split_feature=2 2 2 2 2 2 0 0 0 0 0 1 2 0
split_gain=9553.19 1923.2 1273.09 415.748 305.966 185.948 144.618 137.038 131.791 125.907 109.124 91.8994 77.4884 25.2474
threshold=0.0022503805301993195 0.0040855484599671013 0.0012696975431719642 0.0030223885399186016 0.0017104926133672902 0.0067230040144816757 -0.0017318946592578264 -0.0031582197877911829 -0.0016719653303355895 -0.0042624406283175978 -0.0044926411388459533 -0.53857015025839305 0.00077847218654461981 -0.0079523074299736578
decision_type=8 8 10 10 10 10 10 10 10 10 8 10 10 10
left_child=2 3 6 7 11 10 -1 -2 -6 -5 -3 -4 -8 -7
right_child=1 5 4 9 8 13 12 -9 -10 -11 -12 -13 -14 -15
leaf_value=-0.025190893170410577 0.0056983147182802481 0.024326293012564004 -0.033229471230021783 0.015402984947735926 -0.0059923221034693715 0.033202455966414926 -0.061319237245357233 -0.003413601214650249 -0.016982993900069191 0.0064914097978396009 0.015703578095098307 -0.021836172511553804 -0.043572040901590593 0.025537794683134302
leaf_weight=365.31731207668781 1989.9532927572727 2054.5388637185097 1074.4982785284519 1961.1888151615858 1445.0415289849043 872.28931203484535 377.08736987411976 5743.4868816137314 3301.8959386348724 5475.9260988980532 4309.4876549243927 2065.3535920381546 1552.8442092835903 1683.6998871713877
leaf_count=1788 9794 10144 5242 9672 7090 4316 1838 28074 16120 26798 21119 10095 7572 8274
internal_value=1.76328e-05 0.0103164 -0.0243295 0.00380683 -0.0185519 0.0213641 -0.0439895 -0.00105686 -0.0136695 0.008867 0.0185305 -0.0258473 -0.0473688 0.0282961
internal_weight=34272.6 24090.6 10182 15170.6 7886.79 8920.02 2295.25 7733.44 4746.94 7437.11 6364.03 3139.85 1929.93 2555.99
internal_count=167936 118191 49745 74338 38547 43853 11198 37868 23210 36470 31263 15337 9410 12590
is_linear=0
shrinkage=0.03


Tree=2
num_leaves=15
num_cat=0
split_feature=2 2 2 2 2 2 0 0 1 0 2 0 0 0
split_gain=8849.05 1723.1 1179.31 362.284 346.722 187.015 142.43 130.997 126.065 109.322 86.5944 81.6172 76.9721 45.6827
threshold=0.0022901675268089876 0.0040855484599671013 0.0012696975431719642 0.0029636172681328939 0.0017619431602921333 0.0060922784147402443 -0.0017915425324131482 -0.0036224577769889961 -0.53857015025839305 -0.0011144369359359361 0.0005241044704267626 -0.0016719653303355895 -0.0012188860469312111 -0.0089843788974214838
decision_type=8 10 10 8 10 10 10 8 10 10 10 10 10 10
left_child=2 3 6 9 8 12 -1 -5 -4 -2 -8 -6 -3 -7
right_child=1 5 4 7 11 13 10 -9 -10 -11 -12 -13 -14 -15
leaf_value=-0.022378223828311269 0.0037454678312269906 0.02150569190794412 -0.03216489262633615 0.014435978873872268 -0.0058006877738126048 0.032287505775882075 -0.06942979333171316 0.0059169266261605204 -0.019898302205564888 -0.0040500462142157084 -0.042069758344127267 -0.014419875620253831 0.014095698866663054 0.023817273045295143
leaf_weight=358.6104586571455 2638.6365617960691 2383.0469782650471 1232.6817061454058 2315.9728028327227 1475.4402511715889 1026.3963721841574 138.01612375676632 5645.7578441500664 2334.6853011697531 4142.9314836114645 1880.3894343823195 3311.8700048476458 3109.7680413126945 2297.6067589223385
leaf_count=1737 12970 11852 5936 11485 7224 5150 656 27695 11312 20222 8996 16062 15345 11404
internal_value=7.83895e-05 0.0103651 -0.0224878 0.00408066 -0.0171344 0.0208504 -0.0411283 0.00841754 -0.0242318 -0.00100701 -0.0443032 -0.0117936 0.0173547 0.0265397
internal_weight=34291.8 23560.1 10731.7 14743.3 8354.68 8816.82 2377.02 7961.73 3567.37 6781.57 2018.41 4787.31 5492.82 3324
internal_count=168046 116123 51923 72372 40534 43751 11389 39180 17248 33192 9652 23286 27197 16554
is_linear=0
shrinkage=0.03


Tree=3
num_leaves=15
num_cat=0
split_feature=2 2 2 2 2 2 1 1 5 1 2 5 5 2
split_gain=8376.97 1585.88 1118.05 355.344 283.162 177.446 120.358 97.1904 78.6232 73.9285 47.6847 40.9736 33.3555 27.3189
threshold=0.0022901675268089876 0.0040855484599671013 0.0012696975431719642 0.0029636172681328939 0.0017104926133672902 0.0060922784147402443 -0.37687133912671794 -0.098851832858051505 0.0093767749253743909 0.50976930823684474 0.00083187011012111098 -0.00046960800022186397 -0.013928989095707526 0.00083187011012111098
decision_type=8 8 10 10 10 10 10 10 10 10 10 10 8 10
left_child=2 3 6 11 7 12 13 -4 -6 -5 -8 -2 -3 -1
right_child=1 5 4 9 8 -7 10 -9 -10 -11 -12 -13 -14 -15
leaf_value=-0.060647003472382381 -0.0034311654135490938 0.012127673911284463 -0.028783172076486771 0.0065364832714312707 -0.014701069515907488 0.025738132650714871 -0.044824577252369421 -0.017846249867050339 -0.0064611107644043505 0.013196066658212307 -0.029898547641259928 0.0012182438144120507 0.018086505966749242 -0.043732649280539999
leaf_weight=239.88565576076508 3307.1327717155218 1270.9352495074272 1696.3334822505713 5867.8538617789745 3663.1928843855858 3270.299220085144 331.55728656053543 1503.0545511841774 1532.0729706734419 2073.3334508389235 1100.487033367157 3479.631087988615 4171.5521650761366 740.58144590258598
leaf_count=1121 16162 6330 8085 28946 17712 16481 1554 7223 7422 10276 5206 17041 20826 3493
internal_value=-6.76092e-05 0.0100046 -0.0219088 0.00399254 -0.0166883 0.0201442 -0.0399056 -0.0237354 -0.0122997 0.00829716 -0.0336828 -0.00104026 0.0167308 -0.0485021
internal_weight=34247.9 23440.7 10807.2 14728 8394.65 8712.79 2412.51 3199.39 5195.27 7941.19 1432.04 6786.76 5442.49 980.467
internal_count=167878 116062 51816 72425 40442 43637 11374 15308 25134 39222 6760 33203 27156 4614
is_linear=0
shrinkage=0.03


Tree=4
num_leaves=15
num_cat=0
split_feature=2 2 2 2 2 2 2 5 2 3 5 3 2 5
split_gain=7834.01 1504.26 987.942 327.558 306.371 171.845 75.4969 72.8889 70.7713 65.838 62.8319 61.5226 43.56 35.5403
threshold=0.002304822866163105 0.0040855484599671013 0.0017104926133672902 0.002976993399851077 0.0012387090742279375 0.0067230040144816757 0.0020177883856940136 0.0013928853217399057 0.00083187011012111098 1.2874177217142166 -0.0044913555194910247 -2.1984273704415944 0.0046875954321438382 0.011762898601865853
decision_type=8 8 10 10 10 10 10 10 10 10 8 10 10 10
left_child=2 3 4 9 8 12 11 -6 -1 -2 -5 -4 -3 -8
right_child=1 5 6 10 7 -7 13 -9 -10 -11 -12 -13 -14 -15
leaf_value=-0.048104098568083155 0.00068591272291419693 0.013814564239236096 -0.027807786839155055 0.0049997688410280145 -0.027856397334331089 0.026771357439923787 -0.0096866362975103742 -0.01849860330099027 -0.034322555329341524 -0.0071085550575944925 0.010593180688153292 -0.013167439844826951 0.019297881634636103 -0.0015239872126781078
leaf_weight=571.6782104820013 5594.95245423913 2385.2719723880291 302.17125894129276 3099.1105546951294 1756.0581830888987 2457.7887286841869 1958.2847317457199 1606.2410691976547 1713.5918905138969 1168.97026874125 4631.1534771770239 2444.3412431329489 3801.7756381332874 664.83794547617435
leaf_count=2626 27366 11984 1453 15337 8301 12553 9433 7625 7987 5718 22984 11752 19156 3218
internal_value=0.000155766 0.0100708 -0.0206531 0.00415281 -0.0294143 0.0199697 -0.0113897 -0.0234719 -0.0379908 -0.000660809 0.00836786 -0.014895 0.0172193 -0.00765422
internal_weight=34156.2 23139 11017.2 14494.2 5647.57 8644.84 5369.64 3362.3 2285.27 6763.92 7730.26 2746.51 6187.05 2623.12
internal_count=167493 115098 52395 71405 26539 43693 25856 15926 10613 33084 38321 13205 31140 12651
is_linear=0
shrinkage=0.03


Tree=5
num_leaves=15
num_cat=0
split_feature=2 2 2 2 2 0 1 0 0 0 1 2 0 2
split_gain=7384.8 1479.68 924.233 319.875 278.157 149.662 118.904 118.179 110.387 98.9313 89.924 63.1597 57.9644 29.3573
threshold=0.0022901675268089876 0.0042572597023383474 0.0012696975431719642 0.0030223885399186016 0.0017104926133672902 -0.006158752378700282 -0.37687133912671794 -0.0013797666008712459 -0.0036224577769889961 -0.0016719653303355895 -0.089059010715258291 0.0067230040144816757 -0.0025975140828659589 0.0005241044704267626
decision_type=8 8 10 10 10 8 10 10 10 10 10 10 10 10
left_child=2 3 6 7 10 -3 13 -2 -5 -6 -4 -7 -8 -1
right_child=1 5 4 8 9 11 12 -9 -10 -11 -12 -13 -14 -15
leaf_value=-0.06844443477152215 0.0046247993163072085 0.026535074814410569 -0.027237158249519177 0.013735549815819332 -0.0048835280104990945 0.015171933593476676 -0.013114405295204164 -0.0032635821981125469 0.0059920653121841392 -0.013948294191342775 -0.01679326701359346 0.022664279652838914 -0.032775473400826392 -0.042281369307333803
leaf_weight=72.229285970330238 2692.7768720984459 2404.699508368969 1740.5667248517275 2376.5165592730045 1592.271738961339 3877.7052339464426 183.33106808364391 4634.9504542350769 5720.6601877659559 3659.0671808719635 1507.258752271533 1530.0430388301611 1283.283897086978 921.38092657923698
leaf_count=322 13267 12416 8126 11977 7697 19600 858 22585 28384 17462 7128 7871 5886 4210
internal_value=2.56267e-06 0.00957793 -0.020285 0.00418009 -0.0155529 0.0202088 -0.0364791 -0.000354248 0.00828631 -0.0112257 -0.0224752 0.0173408 -0.0304639 -0.0449061
internal_weight=34196.7 23237.4 10959.4 15424.9 8499.16 7812.45 2460.23 7327.73 8097.18 5251.34 3247.83 5407.75 1466.61 993.61
internal_count=167789 116100 51689 76213 40413 39887 11276 35852 40361 25159 15254 27471 6744 4532
is_linear=0
shrinkage=0.03


Tree=6
num_leaves=15
num_cat=0
split_feature=2 2 2 2 2 2 5 2 5 5 1 6 5 1
split_gain=6777.74 1491 761.835 305.639 205.862 171.085 87.9346 80.3389 61.4937 56.5395 48.9989 43.7984 27.7689 19.0846
threshold=0.0022356381039426898 0.0040855484599671013 0.0012696975431719642 0.002976993399851077 0.0017619431602921333 0.0060034511404255557 -0.00078568212592281309 0.00077847218654461981 -0.0020560062839141999 0.0037652936817662163 -0.16555750222019133 1.331682065980303 -0.015891447442835865 0.92318404156746847
decision_type=8 8 10 10 10 10 10 10 10 10 10 10 8 10
left_child=2 3 7 11 6 12 -4 13 -5 -6 -9 -2 -3 -1
right_child=1 5 4 8 9 -7 -8 10 -10 -11 -12 -13 -14 -15
leaf_value=-0.05039864497654737 -0.0014605173533448236 0.010885387298657734 -0.025716179750797763 0.0045405181075628296 -0.013814199480269412 0.024439233995578437 -0.016100794495075677 -0.036718784409684194 0.0099938302693569365 -0.00669627780969976 -0.02611086696235386 0.010779234756210284 0.016714087499898798 -0.024919898971323941
leaf_weight=371.04771992564201 7205.2737030684948 1078.3815813213587 1732.0466062128544 3522.3642353564501 2564.7070050090551 3285.8937543779612 1979.4483189284801 1010.3513288497925 4149.5304675549269 1773.8390854895115 1023.6405982226133 262.27981144189835 4118.8157917708158 73.081810176372528
leaf_count=1647 35174 5481 8048 17536 12204 17130 9271 4567 20770 8486 4675 1282 21050 328
internal_value=3.2149e-05 0.00895593 -0.0199744 0.00330476 -0.0154494 0.0190185 -0.0206612 -0.0345281 0.00750705 -0.0109399 -0.0315634 -0.00100876 0.0155394 -0.0469793
internal_weight=34150.7 23622.5 10528.2 15139.4 8050.04 8483.09 3711.49 2478.12 7671.89 4338.55 2033.99 7467.55 5197.2 444.13
internal_count=167649 118423 49226 74762 38009 43661 17319 11217 38306 20690 9242 36456 26531 1975
is_linear=0
shrinkage=0.03


Tree=7
num_leaves=15
num_cat=0
split_feature=2 2 2 2 2 0 0 0 0 0 1 2 2 2
split_gain=6398.88 1379.67 852.937 280.858 244.984 151.256 115.228 108.349 97.5282 85.604 80.0328 71.6746 60.0402 32.704
threshold=0.002304822866163105 0.0042572597023383474 0.0012696975431719642 0.002976993399851077 0.0017104926133672902 -0.0053843744586180567 -0.0042624406283175978 -0.0026704602486051772 -0.0017318946592578264 -0.0016719653303355895 -0.53857015025839305 0.0061750232164617174 0.00083187011012111098 0.0060034511404255557
decision_type=8 8 10 10 10 8 10 10 10 10 10 10 10 8
left_child=2 3 8 7 10 13 -5 -2 -1 -6 -4 -7 -10 -3
right_child=1 5 4 6 9 11 -8 -9 12 -11 -12 -13 -14 -15
leaf_value=-0.018855028936971403 0.005390449614729574 0.02165577577908516 -0.027058613934534771 0.01337789028469288 -0.0042851284909895598 0.013678169018780419 0.0053982936725938775 -0.0030263207635486682 -0.045957492885203594 -0.012555661680934043 -0.016854831459528555 0.021256345826357218 -0.032837016820187595 0.029560031043265805
leaf_weight=383.4376912266016 1903.5107062011957 1260.4613914638758 1147.3044383525848 2239.1613169014454 1658.700374096632 3298.7119790315628 6208.8631035387516 4881.5033056288958 554.63460509479046 3781.2477066516876 2165.9049274474382 1884.7732972353697 1572.7098149657249 1221.2243429422379
leaf_count=1753 9409 6582 5242 11409 7973 16888 30994 23749 2435 17881 10071 9888 7050 6515
internal_value=1.20543e-05 0.00911955 -0.0184887 0.00388582 -0.0140271 0.0194942 0.00753371 -0.000651739 -0.0339018 -0.0100574 -0.0204771 0.0164809 -0.0364848 0.0256725
internal_weight=34162.1 22898.2 11263.9 15233 8753.16 7665.17 8448.02 6785.01 2510.78 5439.95 3313.21 5183.49 2127.34 2481.69
internal_count=167839 115434 52405 75561 41167 39873 42403 33158 11238 25854 15313 26776 9485 13097
is_linear=0
shrinkage=0.03


Tree=8
num_leaves=15
num_cat=0
split_feature=2 2 2 2 2 2 0 0 0 0 0 0 2 3
split_gain=6048.89 1338.09 722.595 234.243 218.479 150.226 132.759 110.904 96.6065 88.6868 76.5356 67.576 62.2301 53.2422
threshold=0.0022901675268089876 0.0040855484599671013 0.0012696975431719642 0.0029636172681328939 0.0019312358204228238 0.0053378499666990138 -0.0021729698817943284 -0.0042624406283175978 -0.0019755700593828691 -0.0017915425324131482 -0.010239097130758988 0.010609471995480126 0.0005241044704267626 3.7162163005052529
decision_type=8 8 10 10 10 8 10 10 10 10 8 10 10 8
left_child=2 3 9 8 6 13 -4 -5 -2 -1 -7 -6 -11 -3
right_child=1 5 4 7 11 10 -8 -9 -10 12 -12 -13 -14 -15
leaf_value=-0.017615384516732887 0.0043463545255068899 0.0144432843944854 -0.0084178967103200435 0.01283689515639105 -0.0087314578485034929 0.028989675776337692 -0.020204520254240986 0.0046467287978146166 -0.0032920020681752892 -0.054540138597460111 0.01960410866924674 0.012680834765136881 -0.032725571164520149 -0.012464182200968928
leaf_weight=376.26498663425446 2192.2043658345938 3924.6324235796928 1132.3195851147175 2033.4193380177021 3212.0662468969822 1181.9892694652081 4186.6958578526974 5731.9229576140642 4584.4026715010405 153.44678816199303 3184.3554984182119 127.57389956712723 2025.9121310412884 57.71593376994133
leaf_count=1710 10840 20296 5310 10402 15229 6381 19339 28622 22257 658 16770 608 8951 301
internal_value=-7.67987e-05 0.00876403 -0.0181198 0.00325861 -0.0139418 0.018331 -0.0177271 0.00681286 -0.000809421 -0.0321423 0.022219 -0.00786018 -0.034531 0.014008
internal_weight=34104.9 22890.6 11214.3 14541.9 8658.66 8348.69 5319.02 7765.34 6776.61 2555.62 4366.34 3339.64 2179.36 3982.35
internal_count=167674 115869 51805 72121 40486 43748 24649 39024 33097 11319 23151 15837 9609 20597
is_linear=0
shrinkage=0.03


Tree=9
num_leaves=15
num_cat=0
split_feature=2 2 2 2 2 2 0 0 0 1 0 0 1 0
split_gain=5742.54 1233.21 707.74 222.814 194.597 160.34 112.664 104.316 100.294 94.5478 91.1547 68.3073 50.2002 31.4997
threshold=0.002304822866163105 0.0040855484599671013 0.0012696975431719642 0.0029636172681328939 0.0017619431602921333 0.0067230040144816757 -0.0042624406283175978 -0.0012188860469312111 -0.0023766119811986504 -0.33217989889481347 -0.00027716039733155501 0.0089077890009516842 0.45450144386657015 -0.010239097130758988
decision_type=8 8 10 10 10 10 10 8 10 10 10 10 10 10
left_child=2 3 8 10 9 7 -5 -3 -1 -4 -2 -6 -10 -7
right_child=1 5 4 6 11 13 -8 -9 12 -11 -12 -13 -14 -15
leaf_value=-0.011856925985078511 0.0032850821519881329 0.019928466515958806 -0.023799979074903662 0.013038819765668116 -0.010093891193665433 0.030650701671612952 0.0047640549331110765 0.011756462771393984 -0.0357649459368449 -0.013960628099356909 -0.0037637389978585731 0.0056652461944468472 -0.024075555639148417 0.021993428681134613
leaf_weight=246.28791356086731 3024.7180134057999 2587.9589954912663 1665.6602989286184 2019.5035796314478 4815.0247476398945 712.14868721365929 5739.8112116605043 3368.1279501914978 1761.3914810717106 2112.4433839023113 3605.6538792848587 249.80047099292278 573.71824659407139 1609.4951598644257
leaf_count=1117 14892 13699 7535 10393 22712 3934 28721 17480 7686 9729 17488 1189 2524 8656
internal_value=6.65023e-05 0.00880861 -0.0172663 0.00349144 -0.0131937 0.0180292 0.00693945 0.0153448 -0.0310897 -0.0183657 -0.000538988 -0.00929519 -0.0330334 0.0247948
internal_weight=34091.7 22667.4 11424.3 14389.7 8842.93 8277.73 7759.31 5956.09 2581.4 3778.1 6630.37 5064.83 2335.11 2321.64
internal_count=167755 115263 52492 71494 41165 43769 39114 31179 11327 17264 32380 23901 10210 12590
is_linear=0
shrinkage=0.03


Tree=10
num_leaves=15
num_cat=0
split_feature=2 2 2 0 2 2 2 0 0 2 0 2 0 0
split_gain=5237.94 1212.08 578.245 216.249 204.2 170.91 118.596 90.6166 76.643 74.2492 73.5107 61.7197 55.063 47.0656
threshold=0.0022503805301993195 0.0038487304338654048 0.0012696975431719642 -0.0031582197877911829 0.0053378499666990138 0.0017104926133672902 0.002976993399851077 -0.0016719653303355895 -0.010602406162804499 0.0027316744004614391 -0.0017318946592578264 0.0005241044704267626 -0.0052425829219914779 -0.0026704602486051772
decision_type=8 8 10 10 10 10 10 10 10 10 10 10 8 10
left_child=2 3 10 9 12 13 -5 -7 -6 -2 -1 -12 -3 -4
right_child=1 4 5 6 8 7 -8 -9 -10 -11 11 -13 -14 -15
leaf_value=-0.016444112141574908 0.0021550391747727775 0.017523713331817552 -0.0097206609700850027 -0.0028209518814044134 0.028214923309154177 -0.0032582344115727898 0.0037796676834492599 -0.012190151483670581 0.018693636184102927 0.011383416335716039 -0.050959287463198055 -0.029864407979238242 0.010405941953482925 -0.019962953820909544
leaf_weight=390.66248194873333 1155.7086010724306 1409.9435619413853 534.69622640311718 5493.0416235625744 1132.7594574689865 1487.5176966935396 4404.6655996739864 3480.7965322732925 3144.6119933873415 2594.5939422398806 158.58994892239571 2030.0718802660704 3841.5060730725527 2823.2325967848301
leaf_count=1752 5731 7488 2454 26611 6294 7070 22084 16215 16881 13258 666 8798 19823 12761
internal_value=0.000116928 0.00818563 -0.0170172 0.00244424 0.0163915 -0.0131315 0.000111242 -0.0095399 0.021289 0.00856881 -0.0294383 -0.031645 0.012358 -0.0183836
internal_weight=34082.4 23176.8 10905.6 13648 9528.82 8326.24 9897.71 4968.31 4277.37 3750.3 2579.32 2188.66 5251.45 3357.93
internal_count=167886 118170 49716 67684 50486 38500 48695 23285 23175 18989 11216 9464 27311 15215
is_linear=0
shrinkage=0.03


Tree=11
num_leaves=15
num_cat=0
split_feature=3 6 6 1 5 3 6 5 6 1 6 6 3 6
split_gain=357.839 223.978 203.187 105.887 79.1329 53.5996 55.6445 27.4961 24.5705 23.8424 17.9977 25.3963 16.5267 11.2505
threshold=1.2177296558253761 -0.69215498898433303 0.84972433170772443 0.36373201588607457 0.0045921988230553752 1.9036643660530255 -0.46187339014914913 -0.0030006524573972441 0.53804054953918012 -0.42188215523759259 -0.57275975798745804 -1.770206452930575 -0.71693261918514872 -1.4079818469531098
decision_type=8 10 10 8 8 8 10 10 10 10 10 8 10 10
left_child=1 7 4 5 -3 8 -7 12 -2 -4 11 -5 -1 -9
right_child=3 2 9 10 -6 6 -8 13 -10 -11 -12 -13 -14 -15
leaf_value=0.0045425721353288149 0.0023705161154980521 -0.0053564075926154061 -0.00053595716272493703 0 -0.0013627621894885464 0.012900706784955029 0.002935859315725898 0.0022553135028057468 -0.0039583431557032095 0.0055696188088165824 0.009160890529592668 0.017288375597944518 -0.0020024560847166761 0.0080633755361832343
leaf_weight=792.51988066732883 2595.7499534636736 12396.466511666775 721.1012949347496 80.137287706136703 7062.0196627229452 881.70748999714851 1226.6184469163418 401.12221169471741 685.97132256627083 2512.9453916698694 1501.8808954805136 643.14260721206665 589.25181803107262 1964.8866436630487
leaf_count=3933 13091 59821 3535 427 34286 4681 6336 2036 3422 12348 7695 3435 2969 9884
internal_value=2.03758e-05 -0.00162851 -0.00275263 0.00574787 -0.00391153 0.00344743 0.00717274 0.00515118 0.00102137 0.0041923 0.0112531 0.0153314 0.00171402 0.00711759
internal_weight=34055.5 26440.3 22692.5 7615.21 19458.5 5390.05 2108.33 3747.78 3281.72 3234.05 2225.16 723.28 1381.77 2366.01
internal_count=167899 128812 109990 39087 94107 27530 11017 18822 16513 15883 11557 3862 6902 11920
is_linear=0
shrinkage=0.03


Tree=12
num_leaves=15
num_cat=0
split_feature=2 2 2 2 0 2 2 5 0 2 0 1 0 0
split_gain=4953.65 1201.89 547.922 197.038 184.734 142.155 109.892 95.0298 72.7597 66.2921 65.9495 65.203 62.4336 42.5427
threshold=0.0022503805301993195 0.0038487304338654048 0.0012387090742279375 0.0053378499666990138 -0.0031582197877911829 0.0017771187874269215 0.002976993399851077 1.0000000180025095e-35 -0.010602406162804499 0.0027316744004614391 0.0089077890009516842 -0.37687133912671794 -0.0052425829219914779 -0.0016129606527225391
decision_type=8 8 10 10 10 10 10 10 10 10 10 10 8 10
left_child=2 4 11 12 9 7 -6 -4 -5 -2 -7 -1 -3 -13
right_child=1 3 5 8 6 10 -8 -9 -10 -11 -12 13 -14 -15
leaf_value=-0.035371708964419352 0.0016824779664553753 0.017567505148658055 -0.021858774748682582 0.027712783591212153 -0.0028819769544958592 -0.010057943768480326 0.0034697138349494517 -0.012505803769212644 0.018334228069733952 0.010438736192051115 0.0068603709040027036 -0.013453913857705339 0.0099745557481332407 -0.027287691963851401
leaf_weight=1015.4815406650305 1144.9086645245552 1390.1629981398582 1988.0129764974117 1107.2514063566923 5513.8320696800947 4208.1677265018225 4397.0276757627726 2134.3063788712025 3105.0022910237312 2573.5562993884087 207.10146494209766 303.610975086689 3812.05650177598 1143.951125472784
leaf_count=4335 5683 7456 8908 6265 26671 19661 22082 9687 16849 13228 983 1356 19777 4924
internal_value=-0.000123636 0.00778083 -0.0166792 0.0160194 0.00207809 -0.0130431 -5.72966e-05 -0.0170728 0.0208735 0.00777054 -0.00923711 -0.0291548 0.0120449 -0.0245396
internal_weight=34044.4 23043.8 11000.6 9414.47 13629.3 8537.59 9910.86 4122.32 4212.25 3718.46 4415.27 2463.04 5202.22 1447.56
internal_count=167865 118011 49854 50347 67664 39239 48753 18595 23114 18911 20644 10615 27233 6280
is_linear=0
shrinkage=0.03


Tree=13
num_leaves=15
num_cat=0
split_feature=0 0 0 0 0 6 0 3 0 3 6 0 0 5
split_gain=1549.41 1037.38 181.923 204.289 107.283 177.212 91.6545 53.0989 51.3078 51.2536 28.7288 28.0439 20.2563 9.35763
threshold=-0.0039258010509891075 0.0086589533359027211 -0.0016129606527225391 0.0040166039401795537 -0.013675986149512763 -1.4079818469531098 0.018387226209576338 -0.083172766340062335 -0.0053843744586180567 0.30017613408772009 -1.6317959074577066 -0.039029755399088088 -0.025382312272960224 0.054651850710446225
decision_type=10 10 10 10 8 8 10 10 8 8 8 10 10 10
left_child=4 2 9 -4 10 7 13 -6 -7 -2 11 -1 -12 -3
right_child=1 6 3 -5 5 8 -8 -9 -10 -11 12 -13 -14 -15
leaf_value=0.023287112268105651 -0.0027274021420490148 0.0074779333036844491 -0.0088788353905905268 -0.0011913249587871379 -0.0021789415501265418 0.012975827066471615 0.016642957953970083 -0.029914147797003559 0.006279636203181874 0.0041998480960950104 0.024476036322465967 0.0017470454489481948 0.016693364165377179 -0.0011141982750394771
leaf_weight=68.494530245661736 2607.1403601914644 2748.9593879431486 14061.187976047397 4022.6461082845926 156.34991034865379 3614.4735801517963 1387.3986060023308 101.28391781449318 1540.9265315681696 1508.2154653966427 555.93180690705776 207.31616422533989 1339.3842935115099 103.89395928382874
leaf_count=388 12540 14055 66409 19896 757 18771 7370 511 7764 7474 3151 1080 7260 522
internal_value=0.000148179 -0.00327948 -0.00587872 -0.00717371 0.012094 0.00977651 0.0102962 -0.014017 0.011002 -0.000170099 0.017773 0.00793383 0.0191241 0.00714127
internal_weight=34023.6 26439.4 22199.2 18083.8 7584.16 5413.03 4240.25 257.634 5155.4 4115.36 2171.13 275.811 1895.32 2852.85
internal_count=167948 128266 106319 86305 39682 27803 21947 1268 26535 20014 11879 1468 10411 14577
is_linear=0
shrinkage=0.03


Tree=14
num_leaves=15
num_cat=0
split_feature=6 6 3 3 1 1 5 5 6 1 3 6 1 3
split_gain=277.607 225.587 131.662 117.745 52.5996 49.1481 45.7336 44.983 35.6564 31.1663 14.1507 11.6364 20.0677 10.5068
threshold=-0.50275943162325165 0.81449213854128033 0.49286339492593501 1.9293642256143628 -0.15574876318103403 0.44120247234202087 0.0042623367200137043 0.0047636849566343254 -1.5382317024641636 -0.040038959738452083 0.1409148786679815 -0.98630667311683395 0.29076959386121054 1.3583729656061283
decision_type=10 10 8 8 10 10 8 10 10 10 8 8 10 8
left_child=3 2 7 6 -4 10 9 -2 -8 -1 -3 12 -5 -7
right_child=1 5 4 11 -6 13 8 -9 -10 -11 -12 -13 -14 -15
leaf_value=-0.00097964283408979915 -0.0058708989266453978 -4.5199669716032901e-05 -0.001690717598342535 0.0025292303118190176 0.0033789042208864696 0.0066866643541624833 -0.0044124853880157001 -0.0022591799843864379 0.0071821011888779452 0.0045267122798910795 0.0043025050283517748 0.016020274851339396 0.014584269413065743 0.012283506291002191
leaf_weight=2377.2120462805033 8764.5666048973799 1559.6061232089996 4595.3096934705973 243.40274421870708 3055.4945841133595 1526.4223470240831 249.176439255476 4932.6424277573824 2633.3091836571693 1489.6438574939966 1141.1545466184616 715.53527800738811 291.78452360630035 448.33571462333202
leaf_count=11767 41971 7624 22865 1328 15382 7539 1266 23830 13353 7508 5765 3862 1634 2333
internal_value=-3.7471e-06 -0.0015082 -0.00281717 0.00487839 0.000327868 0.0044489 0.00328889 -0.00457722 0.00614727 0.00113232 0.0017788 0.0133142 0.00935866 0.00804305
internal_weight=34023.6 26023.5 21348 8000.06 7650.8 4675.52 6749.34 13697.2 2882.49 3866.86 2700.76 1250.72 535.187 1974.76
internal_count=168027 127309 104048 40718 38247 23261 33894 65801 14619 19275 13389 6824 2962 9872
is_linear=0
shrinkage=0.03


Tree=15
num_leaves=15
num_cat=0
split_feature=2 2 2 2 2 2 0 0 0 0 0 2 5 0
split_gain=4600.42 1096.06 494.845 258.116 135.741 132.834 81.3823 71.1593 70.1203 69.4592 68.2325 59.1983 49.0579 30.8211
threshold=0.0022503805301993195 0.0042572597023383474 0.0012696975431719642 0.0030223885399186016 0.0017104926133672902 0.0067230040144816757 -0.0012188860469312111 -0.0020390198711455194 -0.002523315214211896 -0.00090060918446777094 -0.0044926411388459533 0.00083187011012111098 -0.00078568212592281309 -0.0089843788974214838
decision_type=8 8 10 10 10 10 10 10 10 10 8 10 10 10
left_child=2 3 8 7 12 10 -5 -2 -1 -6 -3 -10 -4 -7
right_child=1 5 4 6 9 13 -8 -9 11 -11 -12 -13 -14 -15
leaf_value=-0.0098658406029717861 0.0034828662375453573 0.019725277928887536 -0.020807954774883793 0.010683970126479475 -0.0044336360185415428 0.029253266988423381 0.0044314498676792172 -0.002683955104274337 -0.037351101225685156 -0.01183666193694795 0.012024200494728533 -0.025547181238073854 -0.013269380343309522 0.020620014672281532
leaf_weight=216.93811996281147 2456.888074144721 1603.5503938049078 1631.5990967154503 3203.5324689745903 1874.1766960918903 699.97606512904167 4683.0406806766987 5275.5549649149179 616.51725097000599 3115.3950355648994 3448.1848486065865 1807.8952226489782 1808.1757137179375 1506.8528178483248
leaf_count=971 12277 8920 7219 16703 8813 4117 23661 25445 2580 14356 18311 7733 8145 8406
internal_value=-2.12712e-05 0.00765883 -0.0158902 0.00317332 -0.012301 0.0172849 0.00698914 -0.000714807 -0.0272322 -0.00908238 0.0145147 -0.0287146 -0.0169125 0.023505
internal_weight=33948.3 22877.6 11070.7 15619 8429.35 7258.56 7886.57 7732.44 2641.35 4989.57 5051.74 2424.41 3439.77 2206.83
internal_count=167657 117840 49817 78086 38533 39754 40364 37722 11284 23169 27231 10313 15364 12523
is_linear=0
shrinkage=0.03


Tree=16
num_leaves=15
num_cat=0
split_feature=0 0 0 0 6 0 0 0 0 1 1 1 0 6
split_gain=1384.93 843.126 193.162 170.681 122.928 133.956 102.216 85.9079 35.2365 31.1306 25.8464 18.8463 13.9579 13.6262
threshold=-0.0043740936573993241 0.0091660974063684248 -0.0019755700593828691 0.0043178310826815789 -1.4079818469531098 -0.01616312885097498 -0.0089843788974214838 0.018387226209576338 -0.039029755399088088 0.059282663261660248 -0.11772914395874996 -0.20293214466897766 0.03697891092662809 -1.5382317024641636
decision_type=10 10 10 10 8 10 8 10 10 10 10 10 10 10
left_child=4 2 10 -4 5 8 11 -3 -1 -8 -2 -6 -9 -7
right_child=1 7 3 -5 6 13 9 12 -10 -11 -12 -13 -14 -15
leaf_value=0.026234214887128248 0.0029557923331128564 0.0064211499643083971 -0.0079493468473652764 -0.00088000428150309697 0.021798563601609637 -0.019675145663814002 0.012154185179326021 0.014045420878117925 0.0055973899107768709 0.0060584712145369275 -0.0020426328422879182 0.015578708652173092 0.023151470029343608 -0.0053882876850166834
leaf_weight=98.472103372216225 2212.6942529678345 2567.8358315825462 15385.283333048224 3868.4265334308147 743.83115288615227 187.13484272360802 1746.9328192174435 1108.3553339242935 302.22590824961662 1485.8054445534945 1580.8226815313101 2289.0506301373243 240.13167777657509 120.45215317606926
leaf_count=580 10927 13225 72387 19191 4142 913 9159 5940 1631 7545 7677 12506 1338 614
internal_value=-4.08557e-05 -0.00312542 -0.00531439 -0.00653329 0.011864 0 0.0132011 0.00972191 0.0113303 0.00939835 0.000857195 0.0171905 0.0158696 -0.0146151
internal_weight=33937.5 26963.5 23047.2 19253.7 6973.91 708.285 6265.62 3916.32 400.698 3232.74 3793.52 3032.88 1348.49 307.587
internal_count=167775 130685 110182 91578 37090 3738 33352 20503 2211 16704 18604 16648 7278 1527
is_linear=0
shrinkage=0.03


Tree=17
num_leaves=15
num_cat=0
split_feature=0 0 0 0 6 0 0 0 3 1 0 6 1 0
split_gain=1338.53 819.565 137.959 178.412 101.42 139.289 109.156 69.6265 50.5421 33.6159 26.4563 22.8139 15.7257 13.3213
threshold=-0.0039258010509891075 0.0089077890009516842 -0.0016129606527225391 0.0029961878196322904 -1.3566606022718413 -0.0084403072407728801 -0.018711053761267357 0.024506944546554114 0.16786222150572358 0.52400725186992358 -0.033677212258606808 -1.5382317024641636 -0.22165632136485872 0.012888053921045752
decision_type=8 10 8 10 8 10 10 10 8 10 10 10 10 10
left_child=4 2 8 -4 6 12 10 13 -2 -7 -1 -8 -6 -3
right_child=1 7 3 -5 5 9 11 -9 -10 -11 -12 -13 -14 -15
leaf_value=0.022538266679935474 -0.0030281649478167555 0.0052011629050545665 -0.008516915610812123 -0.0021303073171156715 0.021071370490109591 0.010023383731301381 -0.015252607147020222 0.017754690286244389 0.0037999316908416819 0.0032418143870299853 0.0057197469954618461 -0.0012087753724781415 0.015485417180640882 0.0092294152815181277
leaf_weight=146.50897081196308 2525.1888303905725 1544.1802722066641 12479.976122364402 5801.4596082419157 808.95608952641487 2529.2080735564232 230.24318927526474 724.38530251383781 1573.4288963973522 944.66023960709572 232.22515024244785 204.66901025176048 2391.866783991456 1756.2907302230597
leaf_count=861 12104 7917 58235 28476 4534 13182 1129 3995 7822 4740 1261 1057 13134 9240
internal_value=3.63875e-05 -0.00313733 -0.0053808 -0.00649573 0.0112246 0.0124429 0.00112802 0.00930496 -0.000389437 0.00821107 0.0127926 -0.00895417 0.0169771 0.00738426
internal_weight=33893.2 26404.9 22380.1 18281.4 7488.34 6674.69 813.646 4024.86 4098.62 3473.87 378.734 434.912 3200.82 3300.47
internal_count=167687 127789 106637 86711 39898 35590 4308 21152 19926 17922 2122 2186 17668 17157
is_linear=0
shrinkage=0.03


Tree=18
num_leaves=15
num_cat=0
split_feature=2 2 2 2 2 2 1 3 1 0 3 0 2 0
split_gain=4290.23 1017.14 420.36 209.027 131.836 125.396 69.8744 63.6653 63.1304 62.9097 56.7568 53.1541 47.2263 41.362
threshold=0.0022356381039426898 0.0040855484599671013 0.0012387090742279375 0.0029636172681328939 0.0017771187874269215 0.0061750232164617174 -0.53857015025839305 1.5224023495483292 0.27955957519979641 -0.00022906259079319422 -1.0872358368261039 -0.0010042339275375121 0.0005241044704267626 -0.010239097130758988
decision_type=8 8 10 10 10 10 10 10 10 8 10 10 10 10
left_child=2 3 8 7 6 9 -4 -2 12 -3 -5 -6 -1 -7
right_child=1 5 4 10 11 13 -8 -9 -10 -11 -12 -13 -14 -15
leaf_value=-0.049148871779684015 0.00018318267236776801 0.016852919456862465 -0.021307995067655523 0.010061044514573358 -0.0039130580590634109 0.027630371583193584 -0.012941572107240774 -0.0085306080830162574 -0.018640677751514009 0.010030128496121036 0.0044603072724894131 -0.010930957865737063 -0.027741377554531991 0.018733097545072887
leaf_weight=118.99431075155735 6485.8684212118387 2403.9061171710491 1472.2166524678469 2432.251086845994 1583.2914124727249 766.90739911794662 2729.5680821537971 842.26019649207592 823.39314855635166 2751.4314333498478 5219.7892319411039 2718.3959029018879 1589.7575218528509 1991.2643062323332
leaf_count=485 31509 13320 6431 12434 7454 4668 12227 4108 3525 14622 26742 12442 6700 11243
internal_value=-5.8259e-06 0.00739849 -0.0153645 0.00279368 -0.0121309 0.0160932 -0.0159309 -0.000820423 -0.0261096 0.0132496 0.00625918 -0.00837691 -0.0295443 0.0213195
internal_weight=33929.3 22893.7 11035.6 14980.2 8503.47 7913.51 4201.78 7328.13 2532.14 5155.34 7652.04 4301.69 1708.75 2758.17
internal_count=167910 118646 49264 74793 38554 43853 18658 35617 10710 27942 39176 19896 7185 15911
is_linear=0
shrinkage=0.03


Tree=19
num_leaves=15
num_cat=0
split_feature=2 2 2 2 2 2 1 0 0 0 0 0 1 0
split_gain=3907.81 959.736 470.188 201.119 151.989 103.188 77.3641 75.3808 63.3455 61.9753 59.4114 75.395 25.957 19.3565
threshold=0.002304822866163105 0.0043222885382586014 0.0017104926133672902 0.002976993399851077 0.00093469807604529005 0.0067230040144816757 -0.40341204829373595 -0.00055754611605612892 -0.00022906259079319422 -0.0053843744586180567 -0.0010606202656548989 0.0089077890009516842 1.0857598802579507 -0.0079523074299736578
decision_type=8 8 10 10 10 10 10 10 10 8 10 10 10 10
left_child=2 3 4 8 12 9 -6 -5 -2 -3 -4 -12 -1 -7
right_child=1 5 10 7 6 13 -8 -9 -10 -11 11 -13 -14 -15
leaf_value=-0.032921090721204457 0.0025199081703705423 0.01965479786075354 -0.0034789691182144063 0.0094769307655351177 -0.022118493335319653 0.026971597468592311 -0.014417629440809843 0.0037287230425171619 -0.0032755033634492914 0.011827215602241205 -0.011194103614555121 0.0053741597920669345 -0.015711702647728944 0.019741159306128308
leaf_weight=830.50386372208595 3098.9419798851013 1353.7452302128077 2021.8183931857347 3732.6979829370975 2110.6999658048153 702.69262626767159 3104.399679467082 4712.5503588616848 3718.2287032455206 3354.984157204628 3335.1710862666368 256.05731977522373 133.91248291730881 1444.194089487195
leaf_count=3448 15366 7831 9520 19690 9050 4345 13645 23924 17861 18086 15174 1221 568 8275
internal_value=-4.33982e-05 0.00739032 -0.0139856 0.00319274 -0.0196979 0.0167083 -0.0175822 0.00628466 -0.000632411 0.0141272 -0.00766221 -0.00998447 -0.0307788 0.0222496
internal_weight=33910.6 22118 11792.6 15262.4 6179.52 6855.62 5215.1 8445.25 6817.17 4708.73 5613.05 3591.23 964.416 2146.89
internal_count=168004 115378 52626 76841 26711 38537 22695 43614 33227 25917 25915 16395 4016 12620
is_linear=0
shrinkage=0.03


Tree=20
num_leaves=15
num_cat=0
split_feature=2 2 2 2 2 2 0 0 3 0 0 5 0 3
split_gain=3658.58 868.78 423.013 156.295 138.629 117.776 71.367 65.2075 63.3591 62.7833 54.9372 73.1313 30.0858 23.8965
threshold=0.0022901675268089876 0.0040855484599671013 0.0016951206632291589 0.0030223885399186016 0.00093469807604529005 0.0069960645228797844 -0.0029002358368288568 -0.0056733203031123494 1.1998977636207115 -0.001909713958704373 -0.00090060918446777094 0.014677389247626555 -0.0015504447480271797 1.1107160127369571
decision_type=8 8 10 10 10 10 10 8 10 10 10 10 10 10
left_child=2 3 4 9 12 7 -6 -3 -5 -2 13 -12 -1 -4
right_child=1 5 10 8 6 -7 -8 -9 -10 -11 11 -13 -14 -15
leaf_value=-0.013663047069027436 0.0037689054574595324 0.018338547751669852 -0.0024296324402919138 0.0076324276794969221 -0.0070059338629055888 0.021895401269952208 -0.018374335723653771 0.011083294550916924 0.00097343050797849462 -0.0021490938902807032 -0.012189555196303188 -0.0014782015482478134 -0.031971667827556345 -0.011794603311513033
leaf_weight=126.67741955816746 2370.9817673265934 1616.4303199797869 1836.6392550319433 5314.7335351854563 598.25028546154499 1879.7137565761805 4449.4222221970558 4254.4165152907372 1728.0597816258669 4986.8614059686661 2767.9567072242498 743.35151462256908 826.21905891597271 281.70857685804367
leaf_count=544 11963 9438 8597 27378 2682 11194 19172 23036 8948 23955 12533 3416 3403 1328
internal_value=3.21903e-05 0.00718705 -0.0135844 0.00281927 -0.0191301 0.0152806 -0.0170553 0.0131189 0.00601074 -0.000231415 -0.00763928 -0.00994962 -0.0297672 -0.00375279
internal_weight=33781.4 22151.2 11630.2 14400.6 6000.57 7750.56 5047.67 5870.85 7042.79 7357.84 5629.66 3511.31 952.896 2118.35
internal_count=167587 115912 51675 72244 25801 43668 21854 32474 36326 35918 25874 15949 3947 9925
is_linear=0
shrinkage=0.03


Tree=21
num_leaves=15
num_cat=0
split_feature=0 0 6 0 0 0 6 0 6 1 1 0 6 0
split_gain=1095.16 677.723 107.259 118.864 91.5138 91.1817 87.0543 79.1695 46.0368 29.0054 16.5837 15.0848 7.63979 4.57802
threshold=-0.0039258010509891075 0.0081743192531785764 0.81449213854128033 -0.0021069884328785977 0.018387226209576338 -0.0089843788974214838 -1.3566606022718413 -0.01616312885097498 -1.4079818469531098 0.059282663261660248 -0.26850128439027249 -0.022131525567186557 -0.60168888060447123 0.03697891092662809
decision_type=8 10 8 10 10 10 8 10 8 10 8 10 10 10
left_child=5 2 3 -2 12 6 7 -1 -7 -10 -4 -8 -3 -6
right_child=1 4 10 -5 13 8 11 -9 9 -11 -12 -13 -14 -15
leaf_value=0.011373453434175704 -4.5178410775117519e-06 0.011540333130897966 -0.002128643224271913 -0.0066718660374476052 0.013308406873606614 -0.01066562038841851 0.020897051193373959 -0.010188611829653197 0.010066280187359148 0.0046017458424581804 0.0026618783153486421 0.014710238229274242 0.0046492567964309586 0.019667176190607337
leaf_weight=419.88019123673439 2834.5478896796703 162.74188314378262 1080.0327669084072 16626.763504236937 1088.9116928577423 116.87103566527367 585.45488722622395 226.57325994968414 2035.4127591252327 1676.1120171844959 1581.2720129787922 2268.4782772213221 2868.0666347742081 230.3237407207489
leaf_count=2405 13868 924 5254 78142 6010 561 3560 1149 10852 8569 7637 12731 14853 1345
internal_value=3.85867e-05 -0.00280146 -0.00493189 -0.00570435 0.0080058 0.0102953 0.0138159 0.00368475 0.00703304 0.00763363 0.000694597 0.0160689 0.00507575 0.0146033
internal_weight=33801.4 26472.7 22122.6 19461.3 4350.04 7328.78 3500.39 646.453 3828.4 3711.52 2661.3 2853.93 3030.81 1319.24
internal_count=167860 128033 104901 92010 23132 39827 19845 3554 19982 19421 12891 16291 15777 7355
is_linear=0
shrinkage=0.03


Tree=22
num_leaves=15
num_cat=0
split_feature=0 0 0 0 0 0 3 1 1 3 5 3 0 4
split_gain=998.456 600.809 168.457 127.391 64.7164 64.3301 44.7583 35.8367 22.6088 12.0223 11.0307 10.4318 6.5424 2.83891
threshold=-0.0049834265342041375 0.0089077890009516842 -0.0021069884328785977 0.0044259112385637298 0.018387226209576338 -0.025382312272960224 0.16786222150572358 -0.62900948564553538 2.1535622210134036 -1.8604180869529816 0.038531912080391348 3.7162163005052529 -0.04746787826079412 0.52810415457580084
decision_type=8 10 10 10 10 10 8 10 10 8 10 8 10 10
left_child=5 2 6 -4 10 12 -2 9 -9 -7 -3 -6 -1 -14
right_child=1 4 3 -5 11 7 -8 8 -10 -11 -12 -13 13 -15
leaf_value=0.029100733758312011 -0.0012394037795787655 0.0062000153705486054 -0.0065563083717417123 -0.00029133861216791042 0.014517898823975932 0.0040974793506364732 0.0051205390941348209 0.009340831127768949 0.0016319278811877263 0.0165145561153534 -0.00061628308071046448 0.0011228319657811093 0.019217551874781365 0.010218875921083745
leaf_weight=102.88047921657562 2524.252295807004 2430.6179964840412 15922.703867122531 3602.8185368180275 1233.1252181529999 99.569504708051682 1621.6170433908701 4133.6476377397776 399.32691149413586 835.02946022152901 214.93566752970219 66.653640121221542 428.99325895309448 111.51753464341164
leaf_count=662 12333 12762 74170 17877 6918 554 8265 22489 2058 4719 1104 387 2621 676
internal_value=0 -0.00242923 -0.00423786 -0.00540412 0.00839041 0.0109624 0.00124012 0.00985059 0.00868002 0.0153126 0.0056234 0.0138906 0.0200233 0.0176893
internal_weight=33727.7 27616.7 23671.4 19525.5 3945.33 6110.96 4145.87 5467.57 4532.97 934.599 2645.55 1299.78 643.391 540.511
internal_count=167595 133816 112645 92047 21171 33779 20598 29820 24547 5273 13866 7305 3959 3297
is_linear=0
shrinkage=0.03


Tree=23
num_leaves=15
num_cat=0
split_feature=2 2 2 2 2 0 0 5 0 3 0 2 3 0
split_gain=3257.63 1022.13 270.899 221.175 86.6832 74.9866 59.133 59.1268 54.6588 47.5311 47.0291 38.0642 26.2287 19.4008
threshold=0.002032668101503625 0.0042572597023383474 0.0012696975431719642 0.0030223885399186016 0.0069960645228797844 -0.0021729698817943284 -0.00046399410525643775 0.0037652936817662163 -0.00079585549193827976 3.1650939954010777 -0.0020390198711455194 0.0005241044704267626 -1.6674485747066032 -0.0059925444233398508
decision_type=8 10 10 8 10 10 8 10 10 10 10 10 10 10
left_child=2 3 10 8 9 12 -5 -7 -2 -3 -1 -12 -4 -6
right_child=1 4 5 6 13 7 -8 -9 -10 -11 11 -13 -14 -15
leaf_value=-0.011580801683254789 0.0015569806043731359 0.013867200503662015 -0.012087125539832332 0.0085360123324721843 0.025732415097167661 -0.016156374145799915 0.0032368445189534401 -0.0093433973826932606 -0.0030070950044027316 -0.0017343338982291504 -0.039763815029767252 -0.023416040353369649 -0.0029566078897915859 0.018210782207929328
leaf_weight=322.24139612913132 3921.594909965992 4922.2275312691927 402.9912696480751 3444.9257192760706 669.78259116411209 3149.8245397210121 4363.5308221280575 1979.8619955927134 5865.4786082804203 173.01406341791153 164.81542563438416 2208.5401115119457 1022.5036839395761 1170.8475947231054
leaf_count=1407 19393 27636 1845 18393 4322 13788 22231 8808 27728 1008 665 9159 4716 6899
internal_value=-4.08358e-05 0.00567842 -0.0152035 0.00182676 0.0154243 -0.0118607 0.00559033 -0.0135618 -0.00117246 0.0133233 -0.0232364 -0.0247385 -0.00564585 0.0211045
internal_weight=33782.2 24531.4 9250.78 17595.5 6935.87 6555.18 7808.46 5129.69 9787.07 5095.24 2695.6 2373.36 1425.49 1840.63
internal_count=167998 127610 40388 87745 39865 29157 40624 22596 47121 28644 11231 9824 6561 11221
is_linear=0
shrinkage=0.03


end of trees

feature_importances:
ma_ratio_close_30=121
parkinson_vol_80=113
trade_count_log_z_120=33
bb_pos_320=26
realized_vol_z_400=22
trade_size_base_log_delta_50=20
imbalance_x_high_volatility_14=1

parameters:
[boosting: gbdt]
[objective: binary]
[metric: auc]
[tree_learner: serial]
[device_type: cpu]
[data_sample_strategy: bagging]
[data: ]
[valid: ]
[num_iterations: 250]
[learning_rate: 0.03]
[num_leaves: 15]
[num_threads: 0]
[seed: 42]
[deterministic: 0]
[force_col_wise: 1]
[force_row_wise: 0]
[histogram_pool_size: -1]
[max_depth: 4]
[min_data_in_leaf: 300]
[min_sum_hessian_in_leaf: 0.001]
[bagging_fraction: 0.8]
[pos_bagging_fraction: 1]
[neg_bagging_fraction: 1]
[bagging_freq: 1]
[bagging_seed: 42]
[bagging_by_query: 0]
[feature_fraction: 0.7]
[feature_fraction_bynode: 1]
[feature_fraction_seed: 42]
[extra_trees: 0]
[extra_seed: 12879]
[early_stopping_round: 0]
[early_stopping_min_delta: 0]
[first_metric_only: 0]
[max_delta_step: 0]
[lambda_l1: 2]
[lambda_l2: 10]
[linear_lambda: 0]
[min_gain_to_split: 0]
[drop_rate: 0.1]
[max_drop: 50]
[skip_drop: 0.5]
[xgboost_dart_mode: 0]
[uniform_drop: 0]
[drop_seed: 17869]
[top_rate: 0.2]
[other_rate: 0.1]
[min_data_per_group: 100]
[max_cat_threshold: 32]
[cat_l2: 10]
[cat_smooth: 10]
[max_cat_to_onehot: 4]
[top_k: 20]
[monotone_constraints: ]
[monotone_constraints_method: basic]
[monotone_penalty: 0]
[feature_contri: ]
[forcedsplits_filename: ]
[refit_decay_rate: 0.9]
[cegb_tradeoff: 1]
[cegb_penalty_split: 0]
[cegb_penalty_feature_lazy: ]
[cegb_penalty_feature_coupled: ]
[path_smooth: 0]
[interaction_constraints: ]
[verbosity: -1]
[saved_feature_importance_type: 0]
[use_quantized_grad: 0]
[num_grad_quant_bins: 4]
[quant_train_renew_leaf: 0]
[stochastic_rounding: 1]
[linear_tree: 0]
[max_bin: 255]
[max_bin_by_feature: ]
[min_data_in_bin: 3]
[bin_construct_sample_cnt: 200000]
[data_random_seed: 42]
[is_enable_sparse: 1]
[enable_bundle: 1]
[use_missing: 1]
[zero_as_missing: 0]
[feature_pre_filter: 1]
[pre_partition: 0]
[two_round: 0]
[header: 0]
[label_column: ]
[weight_column: ]
[group_column: ]
[ignore_column: ]
[categorical_feature: ]
[forcedbins_filename: ]
[precise_float_parser: 0]
[parser_config_file: ]
[objective_seed: 16083]
[num_class: 1]
[is_unbalance: 0]
[scale_pos_weight: 1]
[sigmoid: 1]
[boost_from_average: 1]
[reg_sqrt: 0]
[alpha: 0.9]
[fair_c: 1]
[poisson_max_delta_step: 0.7]
[tweedie_variance_power: 1.5]
[lambdarank_truncation_level: 30]
[lambdarank_norm: 1]
[label_gain: ]
[lambdarank_position_bias_regularization: 0]
[eval_at: ]
[multi_error_top_k: 1]
[auc_mu_weights: ]
[num_machines: 1]
[local_listen_port: 12400]
[time_out: 120]
[machine_list_filename: ]
[machines: ]
[gpu_platform_id: -1]
[gpu_device_id: -1]
[gpu_use_dp: 0]
[num_gpu: 1]

end of parameters

pandas_categorical:[]
