tree
version=v4
num_class=1
num_tree_per_iteration=1
label_index=0
max_feature_idx=7
objective=binary sigmoid:1
feature_names=ma_ratio_close_30 trade_count_log_z_120 parkinson_vol_80 realized_vol_z_400 imbalance_x_high_volatility_14 trade_size_base_log_delta_50 bb_pos_320 imbalance_x_high_volume_20
feature_infos=[-0.27472619445129109:0.17491257839904728] [-9.9993278619748409:7.4465939108618153] [0.00019024190211402835:0.038861390752941045] [-18.403956200111153:16.466320391881553] [-10.070698810666146:10.407850980150689] [-0.50176914033647146:0.42335991727006855] [-5.453461664658489:6.5921917554582539] [-12.558484234344322:11.615863322991107]
tree_sizes=1736 1817 1819 1805 1815 1823 1824 1810 1821 1814 1817 1777 1829 1800 1802 1834 1804 1808 1827 1824 1825 1802 1806 1818 1815

Tree=0
num_leaves=15
num_cat=0
split_feature=0 0 0 0 0 0 6 1 0 6 1 0 6 6
split_gain=2942.22 1981.85 360.068 419.914 226.124 221.84 235.379 73.541 39.9684 78.8675 37.9408 37.73 28.0636 13.7707
threshold=-0.0042624406283175978 0.0071404733379826233 -0.0021069884328785977 0.0030769739114481225 0.018387226209576338 -0.013122764472455693 -1.4079818469531098 0.52400725186992358 -0.025382312272960224 -1.4079818469531098 -0.10755916789145949 0.01097405567358223 -1.5382317024641636 -1.770206452930575
decision_type=10 10 10 10 10 8 8 10 10 8 10 10 10 8
left_child=5 2 10 -4 11 8 12 -8 13 -10 -2 -3 -7 -1
right_child=1 4 3 -5 -6 6 7 -9 9 -11 -12 -13 -14 -15
leaf_value=0.80666049633937154 0.79294454251176694 0.79481508552504132 0.77727158005999719 0.78756436314583111 0.81113477937480583 0.76663083746984695 0.80634425843027224 0.79838091427623892 0.79532598405632049 0.81299736965924319 0.78667285045803292 0.80066102047645382 0.78760762472227452 0.82092256127311991
leaf_weight=130.75273467600346 2086.0321348309517 2120.3842490315437 13820.929046466947 4836.5629787296057 1564.0946996957064 145.56708392500877 3617.921727463603 1567.3152104020119 284.04904429614544 1569.4622175395489 1470.9145899266005 2006.5928707420826 106.49155402183533 717.95918679237366
leaf_count=609 9716 9876 64373 22527 7285 678 16851 7300 1323 7310 6851 9346 496 3344
internal_value=0.790277 0.785648 0.781601 0.779934 0.801426 0.806137 0.802581 0.803969 0.813198 0.810363 0.790331 0.79769 0.774826 0.819012
internal_weight=36045 27905.5 22214.4 18657.5 5691.07 8139.52 5437.3 5185.24 2702.22 1853.51 3556.95 4126.98 252.059 848.712
internal_count=167885 129974 103467 86900 26507 37911 25325 24151 12586 8633 16567 19222 1174 3953
is_linear=0
shrinkage=1


Tree=1
num_leaves=15
num_cat=0
split_feature=2 2 2 2 2 2 0 0 0 0 1 0 2 0
split_gain=10110.3 2117.59 1232.01 432.653 357.967 217.304 164.38 148.67 132.088 117.834 111.357 104.744 85.3684 48.8123
threshold=0.0022771470814607823 0.0040855484599671013 0.0012696975431719642 0.0029636172681328939 0.0017104926133672902 0.0061750232164617174 -0.0042624406283175978 -0.0016719653303355895 -0.0026704602486051772 -0.002523315214211896 -0.48448961477058944 -0.0044926411388459533 0.00083187011012111098 -0.0056733203031123494
decision_type=8 8 10 10 10 10 10 10 10 10 10 8 10 10
left_child=2 3 9 8 10 11 -5 -6 -2 -1 -4 -3 -11 -7
right_child=1 5 4 6 7 13 -8 -9 -10 12 -12 -13 -14 -15
leaf_value=-0.019797964886697224 0.0048483069530102932 0.024162967669316634 -0.033861665839554043 0.0154452335224841 -0.0059990291378363573 0.033030412311132476 0.0058685361691001798 -0.017033941187093764 -0.0041170951688801836 -0.056562751378411227 -0.021895625488735762 0.015424128824017027 -0.040878677325698054 0.024729556880472736
leaf_weight=214.04075312614441 2047.2797882854939 1910.3645520955324 1203.9144532382488 2202.8822605460882 1618.8895331919193 1262.9575191736221 6203.6355121582747 3654.0280342847109 5225.6774790734053 545.0640379935503 2098.297320753336 4078.4477555453777 1654.5619828253984 2134.8004682511091
leaf_count=997 9570 8959 5586 10320 7549 5932 28861 16964 24284 2527 9751 18997 7674 9965
internal_value=4.48796e-06 0.0105244 -0.0239743 0.00376826 -0.018594 0.0217876 0.00840056 -0.0136751 -0.00158198 -0.0429088 -0.0263654 0.0182574 -0.0450307 0.0279205
internal_weight=36054.8 25066 10988.8 15679.5 8575.13 9386.57 8406.52 5272.92 7272.96 2413.67 3302.21 5988.81 2199.63 3397.76
internal_count=167936 116888 51048 73035 39850 43853 39181 24513 33854 11198 15337 27956 10201 15897
is_linear=0
shrinkage=0.03


Tree=2
num_leaves=15
num_cat=0
split_feature=2 2 2 2 2 2 0 1 0 0 0 0 2 0
split_gain=9282.47 1959.2 1150.72 401.997 349.24 219.012 155.656 129.9 113.314 111.286 105.843 91.6985 86.1968 58.376
threshold=0.0022901675268089876 0.0040855484599671013 0.0012696975431719642 0.0029636172681328939 0.0017104926133672902 0.0060922784147402443 -0.0036224577769889961 -0.33217989889481347 -0.0016719653303355895 -0.0024464474587663205 -0.0027461586560745261 -0.0012188860469312111 0.00083187011012111098 -0.0089843788974214838
decision_type=8 8 10 10 10 10 10 10 10 10 10 8 10 10
left_child=2 3 10 9 7 11 -5 -4 -6 -2 -1 -3 -12 -7
right_child=1 5 4 6 8 13 -8 -9 -10 -11 12 -13 -14 -15
leaf_value=-0.017029876221096862 0.0043317551277691543 0.021946599487721066 -0.031918512084309479 0.014651504516778484 -0.005953106893785246 0.033436980973982358 0.0056053320545847076 -0.019527418345739515 -0.015463267455886966 -0.0038553772559727795 -0.053389795713693247 0.014112690155950946 -0.038250794634683387 0.024278851833096988
leaf_weight=188.32554568350315 2110.3806000202894 2515.5015624016523 1444.9982525110245 2435.1362742334604 1662.0580517947674 1081.8742371499538 5932.3068655133247 1877.0708170235157 3796.7758529633284 5024.4033067524433 575.7491974234581 3282.1112617999315 1728.8408643901348 2419.0770991295576
leaf_count=871 9880 11872 6627 11466 7734 5150 27658 8654 17519 23312 2616 15381 7902 11404
internal_value=8.00121e-05 0.0103415 -0.0224776 0.00380145 -0.0173236 0.0212225 0.0082595 -0.0250148 -0.0125948 -0.00142265 -0.0404658 0.017554 -0.0422732 0.0272132
internal_weight=36074.6 24800.8 11273.8 15502.2 8780.9 9298.56 8367.44 3322.07 5458.83 7134.78 2492.92 5797.61 2304.59 3500.95
internal_count=168046 116123 51923 72316 40534 43807 39124 15281 25253 33192 11389 27253 10518 16554
is_linear=0
shrinkage=0.03


Tree=3
num_leaves=15
num_cat=0
split_feature=2 2 2 2 2 2 1 2 1 5 1 6 5 1
split_gain=8825.38 1834.76 1066.15 407.081 288.74 208.301 115.073 112.671 94.3523 89.974 57.356 44.843 35.2875 21.4084
threshold=0.0022771470814607823 0.0040855484599671013 0.0012696975431719642 0.0029636172681328939 0.0017104926133672902 0.0060922784147402443 -0.098851832858051505 0.00083187011012111098 0.50976930823684474 0.0078998463056558048 -0.16555750222019133 1.228317628948884 -0.013928989095707526 0.48232854140323417
decision_type=8 8 10 10 10 8 10 10 10 10 10 10 8 8
left_child=2 3 7 11 6 12 -4 -1 -5 -6 -9 -2 -3 -7
right_child=1 5 4 8 9 13 -8 10 -10 -11 -12 -13 -14 -15
leaf_value=-0.051494797499950472 -0.0020879848862178723 0.012318737695259412 -0.029399135223825028 0.0062103664561773565 -0.015438907076451269 0.024517307961967234 -0.017850112172621058 -0.041043484435303541 0.013520776406297147 -0.0069488731950680073 -0.02919912930138863 0.0087815699941879884 0.018277642094214015 0.031031071544766257
leaf_weight=598.79466390609741 6938.1997357606888 1338.5467493832111 1779.9440118819475 6178.0514365136623 3597.9894192814827 2518.5980816632509 1577.4568386226892 956.44302958250046 2183.7596076577902 1714.9021416157484 968.93812924623489 347.74112044274807 4385.1439652591944 943.1756788790226
leaf_count=2675 32255 6325 8085 28946 16558 12020 7223 4316 10276 7905 4383 1619 20766 4526
internal_value=-8.34066e-05 0.0098837 -0.0221884 0.00362665 -0.0171456 0.0205207 -0.0240598 -0.0393501 0.00814058 -0.012728 -0.0352955 -0.00154966 0.0169185 0.0263936
internal_weight=36027.7 24833.2 11194.5 15647.8 8670.29 9185.46 3357.4 2524.18 8361.81 5312.89 1925.38 7285.94 5723.69 3461.77
internal_count=167878 116733 51145 73096 39771 43637 15308 11374 39222 24463 8699 33874 27091 16546
is_linear=0
shrinkage=0.03


Tree=4
num_leaves=15
num_cat=0
split_feature=2 2 2 2 2 2 2 5 5 2 3 2 3 5
split_gain=8275.04 1703.91 1006.69 373.374 260.837 195.148 93.172 79.8384 70.8774 67.637 66.5706 50.6232 48.0279 41.4063
threshold=0.002304822866163105 0.0040855484599671013 0.0016951206632291589 0.0029636172681328939 0.0012387090742279375 0.0067230040144816757 0.0020177883856940136 -0.0044913555194910247 0.0010646820717478292 0.0005241044704267626 1.2874177217142166 0.0046875954321438382 -2.1984273704415944 0.011003331248288574
decision_type=8 8 10 10 10 10 10 8 10 10 10 10 10 10
left_child=2 3 4 10 9 11 12 -5 -6 -1 -2 -3 -4 -8
right_child=1 5 6 7 8 -7 13 -9 -10 -11 -12 -13 -14 -15
leaf_value=-0.059096473117470995 0.00011459604311575767 0.013891333828914372 -0.026574248466369094 0.0045370269896748564 -0.028485976736459889 0.027324943534781345 -0.010015562542369051 0.010605302903907475 -0.019244508214560099 -0.035687982603743292 -0.0076075271369525112 0.019607488890892644 -0.014075796892214066 -0.0015564904217219169
leaf_weight=144.55074186623096 5766.5148238539696 2516.2872193157673 332.53126440942287 3320.9072097986937 1743.4032547175884 2596.3952120840549 2026.8311094939709 4971.3837455064058 1634.0567111670971 2241.1116267889738 1203.0531415641308 4009.0740011930466 2695.5680486857891 729.13008198142052
leaf_count=635 26797 11984 1523 15601 7865 12553 9294 23416 7400 9978 5591 19156 12343 3357
internal_value=0.000124056 0.0100326 -0.0207848 0.00389181 -0.0296612 0.0202849 -0.0118942 0.00819069 -0.0241026 -0.0373721 -0.00121875 0.0174371 -0.015551 -0.007813
internal_weight=35930.8 24383.6 11547.2 15261.9 5763.12 9121.76 5784.06 8292.29 3377.46 2385.66 6969.57 6525.36 3028.1 2755.96
internal_count=167493 115098 52395 71405 25878 43693 26517 39017 15265 10613 32388 31140 13866 12651
is_linear=0
shrinkage=0.03


Tree=5
num_leaves=15
num_cat=0
split_feature=2 2 2 2 2 0 0 0 0 0 0 0 2 2
split_gain=7768.17 1719.69 887.839 325.558 252.168 191.736 132.906 120.216 114.929 111.041 107.848 97.5307 92.5333 33.4587
threshold=0.0022771470814607823 0.0040855484599671013 0.0016951206632291589 0.002976993399851077 0.0012387090742279375 -0.0077195679602117808 -0.0036224577769889961 -0.0016719653303355895 -0.0022404399961643002 0.0089077890009516842 -0.0028209162769295966 -0.0025975140828659589 0.0061750232164617174 0.0060034511404255557
decision_type=8 8 10 10 10 8 10 10 10 10 10 10 10 8
left_child=2 3 4 8 11 13 -5 -4 -2 -9 -6 -1 -7 -3
right_child=1 5 7 6 10 12 -8 9 -10 -11 -12 -13 -14 -15
leaf_value=-0.014824418179048624 0.0044694520643054608 0.023119010424906362 -0.0050267481117267591 0.013602502547595006 -0.0096657587051074759 0.014554617599922411 0.0050953745166743489 -0.016135452713748718 -0.0036004583357120874 0.0038840250772892693 -0.025439789336962702 -0.03808633663642208 0.022293330913694027 0.031273457686103456
leaf_weight=203.00953750312328 2281.4507514387369 1272.9804722517729 1671.2157984375954 2342.143443569541 484.31364141404629 4461.8016087263823 5786.994181483984 3586.4707638025284 5146.3840278089046 259.10450106859207 2918.5252999514341 2210.1876563280821 2188.4612597227097 1160.1042129546404
leaf_count=910 10683 6169 7686 11169 2188 21346 27203 16296 23822 1188 13069 9703 10638 5719
internal_value=3.13437e-05 0.00948709 -0.0205127 0.00342193 -0.0286946 0.0198531 0.0075675 -0.0118399 -0.00111105 -0.0147645 -0.0232472 -0.0362234 0.0171399 0.0271437
internal_weight=35973.1 24640.3 11332.8 15557 5816.04 9083.35 8129.14 5516.79 7427.83 3845.58 3402.84 2413.2 6650.26 2433.08
internal_count=167789 116749 51040 72877 25870 43872 38372 25170 34505 17484 15257 10613 31984 11888
is_linear=0
shrinkage=0.03


Tree=6
num_leaves=15
num_cat=0
split_feature=2 2 2 2 2 2 2 2 5 1 1 5 5 5
split_gain=7131.66 1559.34 868.004 284.331 238.507 189.764 99.4776 74.6546 73.7811 69.4438 69.0695 45.941 43.1323 32.1184
threshold=0.0023198169957718666 0.0040855484599671013 0.0016951206632291589 0.002976993399851077 0.0012696975431719642 0.0061750232164617174 0.0020177883856940136 0.00083187011012111098 0.0040948697184405311 -0.51125892698830133 0.16585729104353342 -0.0038256756114461161 0.010763382572349874 -0.013928989095707526
decision_type=8 8 10 10 10 10 10 10 10 10 10 10 10 8
left_child=2 3 4 11 7 13 9 -1 -5 -4 -6 -2 -8 -3
right_child=1 5 6 8 10 -7 12 -9 -10 -11 -12 -13 -14 -15
leaf_value=-0.044004152813795792 -0.0038691341389626107 0.011575361809707835 -0.020899786663481652 0.0050240865615438276 -0.025061004001120085 0.025252807513660786 -0.0090831945234165056 -0.030782502378074252 0.01095240380210543 -0.011218277196322296 -0.015569672493117716 0.0010810838831738078 -0.00078397676602513116 0.017274038045257185
leaf_weight=613.98548737168312 2801.3180733174086 1326.6299605667591 1082.3799275308847 4936.4348350912333 2085.1124891489744 3200.6976478397846 2133.3773702532053 1961.8468890637159 3154.4274442791939 2005.8222052156925 1209.1186094582081 4184.7664468288422 789.59352654218674 4437.4069029837847
leaf_count=2640 12993 6385 4895 23329 9246 15808 9720 8577 14977 9111 5422 19455 3623 21468
internal_value=3.11509e-05 0.00942898 -0.0189722 0.00352801 -0.0271805 0.0193316 -0.0109148 -0.0341153 0.00735346 -0.0146874 -0.0216531 -0.000897998 -0.00687207 0.0159952
internal_weight=35922.9 24041.7 11881.2 15076.9 5870.06 8964.73 6011.17 2575.83 8090.86 3088.2 3294.23 6986.08 2922.97 5764.04
internal_count=167649 114415 53234 70754 25885 43661 27349 11217 38306 14006 14668 32448 13343 27853
is_linear=0
shrinkage=0.03


Tree=7
num_leaves=15
num_cat=0
split_feature=2 2 2 2 2 0 0 0 2 0 1 1 2 2
split_gain=6757.49 1555.92 829.664 287.092 250.062 193.368 132.664 115.019 106.167 100.182 92.9232 86.1046 54.2551 50.1378
threshold=0.002304822866163105 0.0040855484599671013 0.0012696975431719642 0.002976993399851077 0.0017104926133672902 -0.0059925444233398508 -0.0042624406283175978 -0.0026704602486051772 0.0061750232164617174 -0.0016719653303355895 -0.089059010715258291 0.12267096041168832 0.0005241044704267626 0.0060034511404255557
decision_type=8 8 10 10 10 8 10 10 10 10 10 10 10 8
left_child=2 3 11 7 10 13 -5 -2 -7 -6 -4 12 -1 -3
right_child=1 5 4 6 9 8 -8 -9 -10 -11 -12 -13 -14 -15
leaf_value=-0.061168314883954751 0.004948608613977599 0.021520196412091918 -0.025375197835062788 0.01359094875122482 -0.0043288933491233018 0.013215106885813432 0.0048112517270676933 -0.0035016827676419946 0.021749189664905952 -0.013052803626027868 -0.015158152980977661 -0.025980225486696387 -0.036076565627214181 0.030503257324511215
leaf_weight=106.15130652487278 2004.705487832427 1462.6460484266281 1854.442238137126 2112.5404562652111 1740.864445284009 4194.2028382718563 5971.2298506945372 5137.2501889914274 2030.1586327254772 3963.0997799634933 1606.5630349814892 1015.4198183864355 1483.3568826913834 1251.4164916723967
leaf_count=449 9409 7201 8150 10172 7973 20305 28212 23749 10069 17881 7163 4395 6394 6317
internal_value=1.87937e-05 0.0090994 -0.0186109 0.00325751 -0.0143253 0.019029 0.00712703 -0.00111774 0.0160387 -0.010413 -0.0207072 -0.0335537 -0.0381617 0.025781
internal_weight=35934 24164.1 11769.9 15225.7 9164.97 8938.42 8083.77 7141.96 6224.36 5703.96 3461.01 2604.93 1589.51 2714.06
internal_count=167839 115434 52405 71542 41167 43892 38384 33158 30374 25854 15313 11238 6843 13518
is_linear=0
shrinkage=0.03


Tree=8
num_leaves=15
num_cat=0
split_feature=2 2 2 2 2 2 0 0 0 0 0 0 0 3
split_gain=6406.53 1527.7 684.978 281.062 204.463 171.01 133.437 110.435 109.777 104.829 92.9384 72.6504 69.0352 58.3768
threshold=0.0022771470814607823 0.0040855484599671013 0.0016951206632291589 0.0029636172681328939 0.0012387090742279375 0.0053378499666990138 -0.0042624406283175978 -0.0017915425324131482 -0.0026704602486051772 0.0089077890009516842 -0.0089843788974214838 -0.0023766119811986504 -0.0023102789844967049 3.7162163005052529
decision_type=8 8 10 8 10 8 10 10 10 10 8 10 10 8
left_child=2 3 4 8 11 13 -5 -4 -2 -9 -7 -1 -6 -3
right_child=1 5 7 6 12 10 -8 9 -10 -11 -12 -13 -14 -15
leaf_value=-0.014790384225690099 0.0045311279007190864 0.014518128004216809 -0.0042713867033354804 0.013143859629454736 -0.011296885070992507 0.029426322592315091 0.0044115894572863369 -0.014925838087780913 -0.0036629745680281617 0.0045664650350138282 0.019664991235969126 -0.033926316367555505 -0.022744294162741995 -0.012972390133465326
leaf_weight=230.39737057685852 2028.3881130814552 4150.2471535205841 1639.0224136859179 2148.4644697457552 633.61761862039566 1344.8737233579159 6047.7287237793207 3680.5880968123674 5252.857356518507 256.89295645058155 3278.9402806311846 2258.1927727907896 2860.1629072725773 61.100370809435844
leaf_count=1006 9531 20296 7486 10402 2812 6854 28622 16497 24236 1171 16297 9631 12532 301
internal_value=-0.000136333 0.00860335 -0.0185159 0.00291289 -0.0255721 0.0185505 0.00672111 -0.0109031 -0.00136897 -0.0136306 0.0225745 -0.032245 -0.0207235 0.0140753
internal_weight=35871.5 24312.6 11558.9 15477.4 5982.37 8835.16 8196.19 5576.5 7281.25 3937.48 4623.81 2488.59 3493.78 4211.35
internal_count=167674 116539 51135 72791 25981 43748 39024 25154 33767 17668 23151 10637 15344 20597
is_linear=0
shrinkage=0.03


Tree=9
num_leaves=15
num_cat=0
split_feature=2 2 2 0 2 2 2 0 0 0 2 6 0 0
split_gain=5999.75 1390.88 685.687 250.607 207.217 185.842 159.859 150.437 111.574 98.6648 74.2318 59.9047 46.0127 35.6449
threshold=0.002304822866163105 0.0040855484599671013 0.0012696975431719642 -0.0042624406283175978 0.0020177883856940136 0.0067230040144816757 0.002976993399851077 -0.0021729698817943284 -0.0012188860469312111 -0.0023766119811986504 0.0027450466464015119 0.86145269369499256 0.010609471995480126 -0.010239097130758988
decision_type=8 8 10 10 10 10 10 10 8 10 10 10 10 10
left_child=2 3 9 10 7 8 -5 -4 -3 -1 -2 -11 -6 -7
right_child=1 5 4 6 12 13 -8 -9 -10 11 -12 -13 -14 -15
leaf_value=-0.012017926177430234 0.0025435683191179573 0.020049735504631523 -0.0076095262137410259 -0.0024951427250707826 -0.0073181649104318847 0.031312862312988708 0.0045348787838087176 -0.018802436453427926 0.011844774215223695 -0.033831745479625856 0.012695871311875438 -0.012112678484765216 0.011257327026931888 0.022458565884773993
leaf_weight=256.74051766097546 883.50987422466278 2743.0021798163652 1426.3089237362146 5671.5991121977568 2677.4813303351402 754.58442561328411 5949.9489259570837 5028.0251712352037 3560.705460742116 2266.7626475542784 2669.9854586422443 144.86053393781185 114.4914608746767 1708.4630080461502
leaf_count=1117 4166 13699 6404 26198 12095 3934 28213 22141 17480 9593 12917 617 525 8656
internal_value=8.76679e-05 0.00874571 -0.0172978 0.0032406 -0.0133944 0.0182535 0.0010997 -0.0163539 0.0154507 -0.0307009 0.0102028 -0.0326073 -0.00649756 0.0253111
internal_weight=35856.5 23941.8 11914.7 15175 9246.31 8766.76 11621.5 6454.33 6303.71 2668.36 3553.5 2411.62 2791.97 2463.05
internal_count=167755 115263 52492 71494 41165 43769 54411 28545 31179 11327 17083 10210 12620 12590
is_linear=0
shrinkage=0.03


Tree=10
num_leaves=15
num_cat=0
split_feature=2 2 2 0 2 2 2 0 0 0 2 0 2 0
split_gain=5510.72 1322.9 607.579 236.712 232.388 183.16 121.405 87.6143 84.2293 82.9572 79.5639 78.7127 73.69 62.1461
threshold=0.0022771470814607823 0.0038487304338654048 0.0017104926133672902 -0.0036224577769889961 0.0053378499666990138 0.0012387090742279375 0.002976993399851077 -0.010602406162804499 -0.0016719653303355895 0.0086589533359027211 0.002758017342774611 -0.0059925444233398508 0.0005241044704267626 -0.0028209162769295966
decision_type=8 8 10 10 10 10 10 10 10 10 10 8 10 10
left_child=2 3 5 10 11 12 -5 -6 -4 -10 -2 -3 -1 -7
right_child=1 4 8 6 7 13 -8 -9 9 -11 -12 -13 -14 -15
leaf_value=-0.049979574601782664 0.0022121002002932293 0.018739820229897626 -0.0037652503692451262 -0.0028552896940616883 0.028813286782893695 -0.0089386135292369908 0.0036077043859502663 0.018973670606856018 -0.013159614992896591 0.0038854443398634686 0.011996241515758262 0.01029379465713382 -0.027961715773494284 -0.020488371148815489
leaf_weight=164.14825934171677 1101.2705926150084 1363.7452073693275 1654.8604541420937 5734.6703030765057 1201.686800301075 532.99573509395123 4791.9940056204796 3335.5317148417234 3567.9727718383074 266.83818463981152 2473.5191095918417 4194.5641602724791 2339.99052926898 3121.3016605824232
leaf_count=678 5190 6831 7527 26437 6294 2358 22756 16881 15849 1215 11995 20480 9868 13527
internal_value=0.000136291 0.00829872 -0.0168072 0.00235501 0.0165844 -0.0232802 8.17599e-05 0.0216505 -0.00950561 -0.0119509 0.0090134 0.0124068 -0.0296219 -0.0188492
internal_weight=35845.1 24197 11648.1 14101.5 10095.5 6158.44 10526.7 4537.22 5489.67 3834.81 3574.79 5558.31 2504.14 3654.3
internal_count=167886 116864 51022 66378 50486 26431 49193 23175 24591 17064 17185 27311 10546 15885
is_linear=0
shrinkage=0.03


Tree=11
num_leaves=15
num_cat=0
split_feature=3 6 6 1 5 6 6 5 1 1 6 6 3 4
split_gain=400.084 254.643 202.123 118.556 88.0402 65.0984 48.3014 38.3183 36.0928 33.3224 15.1843 17.0189 12.926 9.01729
threshold=1.2347745994542467 -0.69215498898433303 0.84972433170772443 0.58621515180038719 0.0045921988230553752 -0.57275975798745804 -1.4079818469531098 0.0040948697184405311 0.3768418977096149 -0.55624214769321245 -0.54531804644974557 -1.770206452930575 -0.76876923284842713 -1.0000000180025095e-35
decision_type=8 10 10 8 8 10 8 10 10 10 10 8 10 10
left_child=1 7 4 5 -3 6 -2 12 -4 -7 11 -5 -1 -9
right_child=3 2 8 10 -6 9 -8 13 -10 -11 -12 -13 -14 -15
leaf_value=0.0046851742405086931 -0.010409504210571531 -0.0054331824134010763 0.0010563182030415576 0.0024092267039889518 -0.0013337916503460918 -0.00060623457130504351 0.010636315959657255 0.011923761078639569 0.0072936622694469841 0.0045201824518092404 0.010377936617419278 0.018554341517656843 0 0.006932923115952676
leaf_weight=1172.3542868494987 94.556523829698563 13069.70506735146 1861.5830764919519 78.988992035388947 7454.790946289897 2129.9443671405315 1450.1501514017582 563.90813833475113 1550.3564336448908 2398.9588986933231 1202.5014566928148 553.03303442895412 965.69475771486759 1267.4121021032333
leaf_count=5526 471 60124 8687 398 34469 10230 7156 2704 7247 11559 5839 2794 4615 6080
internal_value=3.23975e-05 -0.00165417 -0.0028231 0.00598604 -0.00394852 0.00394073 0.00925077 0.00536909 0.00392108 0.00209998 0.0126669 0.016699 0.00258199 0.00855872
internal_weight=35813.9 27905.8 23936.4 7908.13 20524.5 6073.61 1544.71 3969.37 3411.94 4528.9 1834.52 632.022 2138.05 1831.32
internal_count=167899 129452 110527 38447 94593 29416 7627 18925 15934 21789 9031 3192 10141 8784
is_linear=0
shrinkage=0.03


Tree=12
num_leaves=15
num_cat=0
split_feature=2 2 2 0 2 2 0 5 0 0 5 0 2 3
split_gain=5200.24 1154.15 789.573 209.512 189.298 178.353 120.582 80.9232 80.2929 76.7065 72.9923 63.6339 44.9346 36.7591
threshold=0.0027720380517844878 0.0017104926133672902 0.0046443348534261934 -0.0042624406283175978 0.0012387090742279375 0.002032668101503625 -0.0059925444233398508 -0.0060807382427427994 0.0097296202875797339 -0.0021729698817943284 -0.00062843188697024415 -0.0023766119811986504 0.0067230040144816757 1.9849891897946299
decision_type=8 10 8 10 10 10 8 10 10 10 10 10 10 10
left_child=1 4 3 13 11 9 -4 -5 -7 -3 -6 -1 -8 -2
right_child=2 5 6 7 10 8 12 -9 -10 -11 -12 -13 -14 -15
leaf_value=-0.012882514149573214 0.013874014859317253 -0.0038035155731761367 0.025482821531662286 0.00049919393801027274 -0.022591138384509893 -0.0045296033304496088 0.013965311382829262 0.006257690590816779 0.0075050356889547172 -0.014889178568911249 -0.013812624836185335 -0.030408843665654058 0.020722394390990634 0.0022097653730767169
leaf_weight=238.84719072282314 2966.6742127537727 767.66545103490353 2024.7113174796104 3623.8496457189322 1718.3683244735003 7040.1454773694277 2808.0194181501865 5667.6395167410374 524.49842219054699 2363.2325524687767 1966.9700353145599 2298.5470759123564 1509.8432117551565 282.89097732305527
leaf_count=1027 14630 3483 10630 17207 7394 32237 14022 27042 2431 10440 8537 9588 7796 1401
internal_value=-0.000107987 -0.0121852 0.0107099 0.00633162 -0.0224523 -0.00619084 0.0193338 0.00402117 -0.00367845 -0.0122109 -0.0179721 -0.0288397 0.0163844 0.0128869
internal_weight=35801.9 16918.3 18883.6 12541.1 6222.73 10695.5 6342.57 9291.49 7564.64 3130.9 3685.34 2537.39 4317.86 3249.57
internal_count=167865 75137 92728 60280 26546 48591 32448 44249 34668 13923 15931 10615 21818 16031
is_linear=0
shrinkage=0.03


Tree=13
num_leaves=15
num_cat=0
split_feature=0 0 0 0 0 6 0 0 3 3 0 6 6 6
split_gain=1692.27 1149.45 193.698 228.244 139.848 195.31 111.052 67.3026 56.8718 31.305 27.4365 45.0151 14.2842 10.1606
threshold=-0.0039258010509891075 0.0084137111099452672 -0.0016129606527225391 0.003309990399575025 -0.013675986149512763 -1.4647142988833572 0.018387226209576338 -0.0068935638206659147 0.16786222150572358 -0.11136327349934937 -0.025382312272960224 -1.4647142988833572 -0.19609948365068877 -1.770206452930575
decision_type=10 10 10 10 8 8 10 8 8 10 10 8 10 8
left_child=4 2 8 -4 10 9 12 -7 -2 -6 13 -12 -3 -1
right_child=1 6 3 -5 5 7 -8 -9 -10 -11 11 -13 -14 -15
leaf_value=0.012382862304218659 -0.0030864558035130427 0.011278863592819564 -0.0094512058986837445 -0.0020608251384024176 -0.0068288110672777257 0.014292516194820401 0.017120086781839336 0.0075284497671500566 0.0039506626658492878 -0.030960936558208266 0.0026793079317586669 0.017976329456441318 0.0059565263100813289 0.025360692644111879
leaf_weight=113.62356950342655 2654.0746728926897 613.88274011015892 13572.777906298637 5241.6204186826944 130.70392329990864 2660.399562060833 1469.2363638579845 2836.6752957105637 1676.5995789170265 85.565481573343277 213.81734482944012 1342.8817016482353 2533.9991004616022 633.09777255356312
leaf_count=583 12141 3061 61123 24528 602 13149 7370 13646 7873 406 1050 6871 12170 3375
internal_value=0.000151917 -0.00335303 -0.00608142 -0.00739765 0.0122861 0.00971777 0.0102947 0.0108329 -0.000345422 -0.017588 0.0185611 0.015944 0.00704589 0.023655
internal_weight=35779 27762.2 23145.1 18814.4 8016.76 5713.34 4617.12 5497.07 4330.67 216.269 2303.42 1556.7 3147.88 746.721
internal_count=167948 128266 105665 85651 39682 27803 22601 26795 20014 1008 11879 7921 15231 3958
is_linear=0
shrinkage=0.03


Tree=14
num_leaves=15
num_cat=0
split_feature=6 6 3 3 1 1 5 5 1 6 3 3 6 1
split_gain=323.725 227.093 147.551 134.381 68.0835 62.812 59.2811 47.9362 34.951 33.9252 13.7396 13.7368 9.59962 25.6614
threshold=-0.50275943162325165 0.81449213854128033 0.49286339492593501 1.9036643660530255 -0.24975936381639804 0.36373201588607457 0.0042623367200137043 0.0087242704221116626 -0.029843689205350934 -1.5382317024641636 1.3419262684525495 0.19318439150962008 -0.98630667311683395 0.29076959386121054
decision_type=10 10 8 8 10 10 8 10 10 10 8 8 8 10
left_child=3 2 7 6 -4 11 8 -2 -1 -8 -7 -3 13 -5
right_child=1 5 4 12 -6 10 9 -9 -10 -11 -12 -13 -14 -15
leaf_value=-0.0011428782925386159 -0.005794553718642328 -0.00065870977078562104 -0.0020765510549225312 0.0028336664329691504 0.00347203199798591 0.0065100662545733044 -0.0034653512727626538 -0.0018952969517582582 0.0045638176345429377 0.0075856101745663991 0.012413070825898112 0.0036408077426984889 0.016136276913104413 0.015866586274221856
leaf_weight=2502.092596873641 10364.369470268488 1582.0126290023327 4527.9068033248186 265.71747267246246 3531.0054204314947 1705.1698118150234 261.28980568051338 3994.6666759252548 1550.0996697545052 2760.7235978990793 511.88565741479397 1123.7862777560949 782.02302213013172 313.89635135233402
leaf_count=11769 47381 7347 21397 1360 16850 8013 1264 18420 7414 13286 2520 5381 3973 1652
internal_value=-2.35578e-05 -0.00161057 -0.00289342 0.00510869 0.00034841 0.00421324 0.00342544 -0.00471603 0.00103122 0.00660205 0.00794954 0.00111173 0.0137214 0.0101429
internal_weight=35776.6 27340.8 22417.9 8435.84 8058.91 4922.85 7074.21 14359 4052.19 3022.01 2217.06 2705.8 1361.64 579.614
internal_count=168027 127309 104048 40718 38247 23261 33733 65801 19183 14550 10533 12728 6985 3012
is_linear=0
shrinkage=0.03


Tree=15
num_leaves=15
num_cat=0
split_feature=2 2 2 2 2 2 0 0 0 2 0 0 0 0
split_gain=4832.66 1206.83 514.996 277.056 157.113 149.062 85.3271 83.2562 81.8197 71.2226 70.5876 61.4336 37.0907 32.3023
threshold=0.0022771470814607823 0.0042572597023383474 0.0012696975431719642 0.0030223885399186016 0.0017104926133672902 0.0067230040144816757 -0.0042624406283175978 -0.0020390198711455194 -0.0042624406283175978 0.00083187011012111098 -0.0017915425324131482 -0.0028209162769295966 -0.0089843788974214838 -0.0028209162769295966
decision_type=8 8 10 10 10 10 10 10 8 10 10 10 10 10
left_child=2 3 9 7 11 8 -5 -2 -3 -1 -6 -4 -7 -11
right_child=1 5 4 6 10 12 -8 -9 -10 13 -12 -13 -14 -15
leaf_value=-0.036328741925907265 0.0035112020675084612 0.020058339445201228 -0.0073495788968022868 0.011958918025623124 -0.0036477010411623549 0.029873367610125087 0.0050166213752368197 -0.0031037245711353877 0.011960225615749285 -0.0098989714660388892 -0.011227045795805286 -0.018851547039813669 0.020847083398880729 -0.025281858342793912
leaf_weight=654.42300271987915 2501.3718136101961 1741.9763525426388 525.59010536968708 2187.8743373006582 1596.3479690253735 744.95454169809818 6154.074606642127 5348.1354827880859 3624.9069939106703 164.1099903434515 3904.4939194917679 3049.0715621858835 1602.5740877687931 1896.3533314466476
leaf_count=2685 11847 9097 2311 10941 7251 4117 29423 24581 18134 708 17212 13053 8406 7891
internal_value=-3.60794e-05 0.00771376 -0.0157477 0.00305249 -0.0122825 0.0174727 0.00685673 -0.000986352 0.0146323 -0.0272222 -0.00904901 -0.0172023 0.0238515 -0.0241394
internal_weight=35696.3 23905.9 11790.4 16191.5 9075.5 7714.41 8341.95 7849.51 5366.88 2714.89 5500.84 3574.66 2347.53 2060.46
internal_count=167657 116546 51111 76792 39827 39754 40364 36428 27231 11284 24463 15364 12523 8599
is_linear=0
shrinkage=0.03


Tree=16
num_leaves=15
num_cat=0
split_feature=0 0 0 0 0 6 0 0 1 6 0 0 0 5
split_gain=1494.61 967.304 176.069 206.759 113.525 210.146 102.935 84.1854 22.8051 21.8469 28.5537 21.7849 10.8559 9.00729
threshold=-0.0040358308070839169 0.0089077890009516842 -0.0019755700593828691 0.003309990399575025 -0.019730210586930582 -1.4079818469531098 0.018387226209576338 -0.0068935638206659147 0.038722759354043096 -1.6317959074577066 -0.039029755399088088 -0.01616312885097498 0.03697891092662809 -0.051263325442164553
decision_type=10 10 10 10 8 8 10 10 10 8 10 10 10 8
left_child=4 2 8 -4 9 11 13 -7 -2 10 -1 -6 -8 -3
right_child=1 6 3 -5 5 7 12 -9 -10 -11 -12 -13 -14 -15
leaf_value=0.024573458678433652 0.0022126215845541834 -0.0032803082692732617 -0.0086205695035795702 -0.0017801277524157073 0.002675687526005202 0.014454150207439747 0.014775113375259953 0.007262667415038399 -0.0028098861903658617 0.021901508047452313 0.0016844812779415539 -0.013886330476182755 0.022928539977009225 0.0067454480127122326
leaf_weight=70.155263856053352 2347.7428926825523 69.283390134572983 14517.316496282816 5517.1544129103422 79.511024132370949 3479.5900308638811 1174.5691181719303 2671.182673946023 1227.3096631616354 1019.01016099751 147.29085537791252 331.05209206044674 255.14448146522045 2776.457228064537
leaf_count=383 10966 340 65098 25836 394 17567 5940 12946 5636 5494 745 1563 1338 13529
internal_value=-1.87344e-05 -0.0032678 -0.00564756 -0.00674165 0.0115816 0.00996375 0.00984198 0.0113576 0.000468638 0.0199698 0.0100887 -0.0105489 0.016421 0.00646972
internal_weight=35682.8 27885 23609.5 20034.5 7797.79 6561.34 4275.45 6150.77 3575.05 1236.46 217.446 410.563 1429.71 2845.74
internal_count=167775 128683 107536 90934 39092 32470 21147 30513 16602 6622 1128 1957 7278 13869
is_linear=0
shrinkage=0.03


Tree=17
num_leaves=15
num_cat=0
split_feature=0 0 0 0 0 0 6 0 3 1 6 0 0 0
split_gain=1440.68 916.523 205.238 129.935 118.41 103.94 113.599 107.399 47.8621 40.0146 42.6353 22.5905 20.497 15.0393
threshold=-0.0042624406283175978 0.0071404733379826233 -0.0021069884328785977 0.0030769739114481225 0.017529932097084425 -0.0077195679602117808 -1.3566606022718413 -0.018711053761267357 0.16786222150572358 0.52400725186992358 -1.3566606022718413 -0.02089933306513236 0.0094464768421306262 0.032031635986376601
decision_type=8 10 8 8 10 10 8 10 8 10 8 10 10 10
left_child=5 2 8 -4 12 6 7 -1 -2 10 -7 -8 -3 -6
right_child=1 4 3 -5 13 9 11 -9 -10 -11 -12 -13 -14 -15
leaf_value=0.014204007890782338 -0.0018390624277629108 0.0022084965589612522 -0.0083513211427662295 -0.0026395263238239391 0.013006624732255495 -0.013082630317033479 0.021808329457599449 -0.0082783055986202919 0.0052643444690821002 0.0015692666010733095 0.010215861646012478 0.015386424898127625 0.0068605662093652415 0.020766938178050805
leaf_weight=401.66498412191868 2185.1631622314453 1402.2670949399471 14353.174689292908 4837.8824034333229 1178.9460784494877 62.672436892986298 752.71815755963326 344.99249497056007 1381.6193355172873 823.62125326693058 2093.1780135929585 3019.1489065289497 2421.4467538446188 376.80505521595478
leaf_count=2122 10062 6691 64180 22507 5976 294 4121 1664 6568 3921 10323 15432 11843 1983
internal_value=5.81138e-05 -0.0030547 -0.00568867 -0.00691668 0.00806704 0.0117359 0.0146206 0.00376466 0.000902745 0.00730671 0.00945357 0.0167381 0.00518038 0.0150451
internal_weight=35635.3 28137.3 22757.8 19191.1 5379.46 7498 4518.52 746.657 3566.78 2979.47 2155.85 3771.87 3823.71 1555.75
internal_count=167687 129810 103317 86687 26493 37877 23339 3786 16630 14538 10617 19553 18534 7959
is_linear=0
shrinkage=0.03


Tree=18
num_leaves=15
num_cat=0
split_feature=2 2 2 2 2 2 1 0 0 3 0 0 0 0
split_gain=4492.48 1148.66 416.229 191.751 174.126 143.382 105.701 75.7211 69.6124 63.4019 59.8068 55.6745 53.3856 36.2689
threshold=0.0022356381039426898 0.0038487304338654048 0.0016951206632291589 0.0053378499666990138 0.0029488783974121273 0.00093469807604529005 -0.16555750222019133 -0.0036224577769889961 -0.0086995771009828454 1.5224023495483292 -0.0017915425324131482 -0.0059925444233398508 0.0086589533359027211 -0.0019755700593828691
decision_type=8 8 10 10 10 10 10 10 10 10 10 8 10 10
left_child=2 4 5 11 9 13 -7 -6 -5 -2 -4 -3 -12 -1
right_child=1 3 10 8 7 6 -8 -9 -10 -11 12 -13 -14 -15
leaf_value=-0.0097804338080491656 -0.00016578330491452863 0.016939280910085213 -0.003984071066230303 0.026206664930446464 0.010541353012230076 -0.022935193127129366 -0.014167996242030967 0.0034515442647051553 0.017421249601527113 -0.0087448824107143296 -0.01213924699815043 0.0096698622023895214 0.0021683469984361348 -0.033251361237793889
leaf_weight=82.378032684326172 6701.0714083909988 1307.4370888769627 1484.0413227379322 1245.3948636949062 1885.7655861675739 2645.1268547326326 2583.1247378736734 4989.0934632718563 3101.322017878294 869.20876440405846 3519.381972938776 4122.4332571774721 240.92723487317562 892.67642816901207
leaf_count=346 30922 6862 6738 7010 9491 11085 11009 23716 16221 4027 15339 20397 1102 3645
internal_value=2.49567e-05 0.00734561 -0.0154522 0.0152821 0.00196313 -0.0207191 -0.0186504 0.00541747 0.0200065 -0.00116898 -0.00918331 0.0114592 -0.0112033 -0.0314487
internal_weight=35669.4 24221.7 11447.7 9776.59 14445.1 6203.31 5228.25 6874.86 4346.72 7570.28 5244.35 5429.87 3760.31 975.054
internal_count=167910 118646 49264 50490 68156 26085 22094 33207 23231 34949 23179 27259 16441 3991
is_linear=0
shrinkage=0.03


Tree=19
num_leaves=15
num_cat=0
split_feature=2 2 2 2 0 2 1 2 5 0 0 0 6 2
split_gain=4204.94 931.76 690.107 137.818 136.988 136.571 96.9377 80.0254 71.326 60.5098 47.1197 44.0989 37.0452 29.1655
threshold=0.002758017342774611 0.0017104926133672902 0.0046875954321438382 0.0020177883856940136 -0.0042624406283175978 0.00093469807604529005 -0.33217989889481347 0.0067230040144816757 -0.0044913555194910247 0.0097296202875797339 -0.0021729698817943284 -0.0010606202656548989 -1.4079818469531098 0.0005241044704267626
decision_type=8 10 8 10 10 10 10 10 10 10 10 8 10 10
left_child=1 5 4 10 12 13 -7 11 -6 -5 -3 -4 -2 -1
right_child=2 3 7 9 8 6 -8 -9 -10 -11 -12 -13 -14 -15
leaf_value=-0.043498646148494371 0.00088358811252189006 -0.0039401536927837957 0.019121199135661661 -0.0038824559859236443 0.00096573824444358956 -0.022568169228538267 -0.014220391395870032 0.022728586441183592 0.0062578142445573028 0.0067582077835798577 -0.012867672643187446 0.012220029375933089 0.012214650563830337 -0.027075119220349213
leaf_weight=164.66983924806118 299.3539352864027 734.06597681343555 1647.8000791668892 7090.3713718056679 4046.3294032514095 2337.8311150819063 3050.1741539537907 2289.6485709995031 5382.1974031329155 503.09463536739349 2297.4991982728243 2063.1673754006624 2919.3140361905098 820.55798543989658
leaf_count=664 1505 3329 8814 32242 19208 9750 12945 12620 25831 2359 9978 10507 14900 3352
internal_value=-4.93537e-06 -0.0107954 0.00982836 -0.00533926 0.00583815 -0.0198596 -0.0178887 0.0182046 0.00399646 -0.00316162 -0.0107457 0.0153437 0.0111854 -0.0302899
internal_weight=35646.1 16998.3 18647.8 10625 12647.2 6373.23 5388.01 6000.62 9428.53 7593.47 3031.57 3710.97 3218.67 985.228
internal_count=168004 74619 93385 47908 61444 26711 22695 31941 45039 34601 13307 19321 16405 4016
is_linear=0
shrinkage=0.03


Tree=20
num_leaves=15
num_cat=0
split_feature=2 2 2 2 2 0 0 2 0 0 0 5 2 3
split_gain=3891.58 980.397 434.229 179.657 146.328 133.606 92.0688 76.729 68.1035 60.7331 53.3424 70.978 30.1496 15.0241
threshold=0.0022901675268089876 0.0040855484599671013 0.0016951206632291589 0.0030223885399186016 0.00083187011012111098 -0.0077195679602117808 -0.0028209162769295966 0.0061750232164617174 -0.0021069884328785977 -0.0036224577769889961 -0.0016719653303355895 0.010763382572349874 0.0060034511404255557 1.1107160127369571
decision_type=8 8 10 10 10 8 10 10 10 10 10 10 8 10
left_child=2 3 4 8 -1 12 -6 -7 -2 -5 13 -12 -3 -4
right_child=1 5 10 9 6 7 -8 -9 -10 -11 11 -13 -14 -15
leaf_value=-0.032975411328119757 0.0036142216662635078 0.01820675295627535 -0.0022600715543219727 0.010280634603321874 -0.0069355222260102552 0.010829428876682465 -0.019128370327433412 0.018164052900269633 -0.0024528849080278367 0.0042232744947256241 -0.012111355263908476 -0.0029761808352985106 0.026348803348310461 -0.010301280876276967
leaf_weight=649.74856127798557 2404.2628176659346 1113.9675281643867 1511.1649030297995 2109.3105920702219 664.58413928747177 4206.91787520051 4868.1598599404097 1965.7091768532991 5338.1961913555861 5350.1289519816637 3060.0157041251659 1055.522135078907 966.92728218436241 243.5393563657999
leaf_count=2628 11482 6057 6839 10746 2880 21356 20293 10619 24436 25580 13283 4644 5636 1108
internal_value=4.28628e-05 0.00716334 -0.0138035 0.00263559 -0.0193566 0.0154823 -0.0176898 0.0132005 -0.000558897 0.00595562 -0.00792195 -0.00979587 0.0221267 -0.00346218
internal_weight=35508.2 23455.4 12052.7 15201.9 6182.49 8253.52 5532.74 6172.63 7742.46 7459.44 5870.24 4115.54 2080.89 1754.7
internal_count=167587 115912 51675 72244 25801 43668 23173 31975 35918 36326 25874 17927 11693 7947
is_linear=0
shrinkage=0.03


Tree=21
num_leaves=15
num_cat=0
split_feature=0 0 0 0 0 6 6 6 0 1 0 6 1 6
split_gain=1152.24 756.415 141.946 139.785 108.567 93.31 84.2826 56.1249 64.1256 30.4005 19.6061 17.0968 14.4054 8.27766
threshold=-0.0040358308070839169 0.0064188242436876717 -0.0021069884328785977 0.017529932097084425 -0.010239097130758988 0.68173409191659429 -1.4079818469531098 -1.3566606022718413 -0.01616312885097498 0.52400725186992358 0.0097296202875797339 0.36268584763284845 -0.20293214466897766 -1.5382317024641636
decision_type=8 10 8 10 10 8 8 8 10 10 10 8 10 10
left_child=4 2 11 10 7 -4 13 8 -1 -8 -3 -2 -9 -6
right_child=1 3 5 -5 6 -7 9 12 -10 -11 -12 -13 -14 -15
leaf_value=0.012638733802066919 -0.00088410721767656446 0.0018005601418597706 -0.007354780755910003 0.014537911920086031 -0.019550560054617978 -0.0018229175156843883 0.0096848013605377332 0.021260992340082916 -0.0074164597986716386 0.0039616009861737841 0.0059106436786240373 0.0040196778895492339 0.015058130585279923 -0.0037462312123366717
leaf_weight=445.98503915965557 2427.24389103055 2064.3081262856722 15389.556456193328 1532.8683785200119 88.248021319508553 3386.0232077687979 3031.7346628606319 589.48576568067074 197.48305082321167 1237.1000238358974 2251.4668375104666 854.20256324112415 1962.3098150640726 66.790313258767128
leaf_count=2405 11248 9888 68880 8023 396 15445 15278 3252 955 5988 11148 4050 10586 318
internal_value=1.06825e-05 -0.00281133 -0.00535605 0.00676807 0.0103445 -0.00636185 0.00724663 0.0145789 0.00637259 0.00805339 0.0039673 0.000382516 0.0165919 -0.0137452
internal_weight=35524.8 27905.7 22057 5848.64 7619.14 18775.6 4423.87 3195.26 643.468 4268.83 4315.77 3281.45 2551.8 155.038
internal_count=167860 128682 99623 29059 39178 84325 21980 17198 3360 21266 21036 15298 13838 714
is_linear=0
shrinkage=0.03


Tree=22
num_leaves=15
num_cat=0
split_feature=0 0 0 0 0 0 3 1 0 3 5 3 0 4
split_gain=1071.94 664.781 181.965 149.66 77.239 71.2942 39.5184 37.3671 19.426 14.4384 10.9094 10.0841 6.36787 3.01007
threshold=-0.0049834265342041375 0.0089077890009516842 -0.0021069884328785977 0.0044259112385637298 -0.025382312272960224 0.018387226209576338 0.16786222150572358 -0.62900948564553538 -0.0077195679602117808 -1.8604180869529816 0.038531912080391348 3.7162163005052529 -0.04746787826079412 0.05795907780892217
decision_type=8 8 10 10 10 10 8 10 10 8 10 8 10 10
left_child=4 2 6 -4 12 10 -2 9 -9 -6 -3 -7 -1 -14
right_child=1 5 3 -5 7 11 -8 8 -10 -11 -12 -13 13 -15
leaf_value=0.029449189231841241 -0.0010787745886609162 0.006293250191447281 -0.0067682571673257841 -0.00014767727370926641 0.0035898855808273226 0.014758926044142251 0.0047455994386646268 0.010074868291685447 0.0058547260946697167 0.016487626948407122 -0.00032071483282500193 0.0018303252350343631 0.020645193413745586 0.012875586895287002
leaf_weight=110.43689681589603 2655.4173005819321 2574.8773022741079 16633.383650735021 3792.2047684490681 106.00919172167778 1310.0680193603039 1707.8956677466631 3162.1319427341223 1632.0946193039417 889.93669718503952 225.97697877883911 70.952410817146301 375.45515897870064 198.48201079666615
leaf_count=662 12333 12788 74170 17877 554 6918 8239 16501 8046 4719 1104 387 2163 1134
internal_value=-1.72777e-05 -0.00248608 -0.00435467 -0.00554269 0.0110071 0.00856003 0.00119293 0.00982852 0.00866587 0.0152238 0.00573904 0.0141558 0.0206069 0.0183275
internal_weight=35445.3 28970.8 24788.9 20425.6 6474.55 4181.87 4363.31 5790.17 4794.23 995.946 2800.85 1381.02 684.374 573.937
internal_count=167595 133816 112619 92047 33779 21197 20572 29820 24547 5273 13892 7305 3959 3297
is_linear=0
shrinkage=0.03


Tree=23
num_leaves=15
num_cat=0
split_feature=2 2 2 2 0 0 0 0 5 2 2 3 2 2
split_gain=3452.47 1152.29 268.883 247.076 98.9921 85.9545 60.7412 58.2132 56.3632 49.0302 47.8775 47.3161 29.5568 16.9263
threshold=0.002032668101503625 0.0042572597023383474 0.0012696975431719642 0.0029488783974121273 -0.0059925444233398508 -0.0026704602486051772 -0.0042624406283175978 -0.00065286568552508351 -0.0064653619061404511 0.00083187011012111098 0.0067230040144816757 -1.5577009435006182 0.0071533441683599847 0.0013601092075623126
decision_type=8 10 10 8 10 10 8 10 10 10 10 10 10 10
left_child=2 3 9 7 12 13 -5 -2 -7 -1 -6 -11 -3 -4
right_child=1 4 5 6 10 8 -8 -9 -10 11 -12 -13 -14 -15
leaf_value=-0.03099967724038151 0.0010611295210175545 0.018333339901825719 -0.018000227055823336 0.0094886894446025924 0.011468213243025016 -0.017906148659438584 0.0037628575689814072 -0.0036727163526273357 -0.011417186168894689 -0.012232073427104147 0.01816640589226463 -0.023460930159861892 0.026750607851055635 -0.003718104031270457
leaf_weight=656.9069758951664 3973.1870691031218 1496.3306437432766 74.397146090865135 2256.4375664293766 3810.4060564935207 1989.4944334626198 6709.652366116643 5604.5694492012262 3615.4054656624794 509.20310650765896 1410.3944274932146 1585.134138122201 680.7484522908926 1129.9736156612635
leaf_count=2646 18516 8439 323 11745 19556 8405 32199 25285 15388 2088 7763 6497 4107 5041
internal_value=-3.64315e-05 0.00564152 -0.0154392 0.00164152 0.0156442 -0.0121909 0.00521949 -0.00170364 -0.013759 -0.0233837 0.0133205 -0.0208304 0.021103 -0.00479072
internal_weight=35502.2 25941.7 9560.51 18543.8 7397.88 6809.27 8966.09 9577.76 5604.9 2751.24 5220.8 2094.34 2177.08 1204.37
internal_count=167998 127610 40388 87745 39865 29157 43944 43801 23793 11231 27319 8585 12546 5364
is_linear=0
shrinkage=0.03


Tree=24
num_leaves=15
num_cat=0
split_feature=2 2 2 2 2 0 2 1 0 6 1 0 6 6
split_gain=3398.3 719.026 569.872 131.444 122.95 107.482 75.5643 62.6936 62.5874 45.5746 45.3646 36.343 33.401 31.6383
threshold=0.002758017342774611 0.0017104926133672902 0.0046875954321438382 0.0012387090742279375 0.0020177883856940136 -0.0042624406283175978 0.003246681935612459 -0.16555750222019133 -0.0077195679602117808 1.2952407530475774 -0.42188215523759259 -0.0032482679516741548 -1.4647142988833572 -0.90016824931508721
decision_type=8 10 10 10 10 8 10 10 10 10 10 10 8 8
left_child=1 3 5 7 11 12 -7 -1 -4 -6 -5 -3 -2 -10
right_child=2 4 8 10 9 6 -8 -9 13 -11 -12 -13 -14 -15
leaf_value=-0.02756184498325201 -4.2656418914165106e-06 -0.0022761196493264468 0.022100328938767573 -0.017918325727316199 -0.0031625468588401388 0.00052941125553591874 0.0060214060956387018 -0.017674401452430672 0.0051745999915920101 0.0086719471425210984 -0.010957464939262553 -0.011288254148875129 0.011135943526035115 0.01554795421067297
leaf_weight=1303.3373925238848 252.35790951550007 505.45507222414017 1563.0764386802912 1518.9899404942989 7316.6916519403458 3795.5617837458849 5645.1063797324896 1306.8108838945627 316.33405517041683 293.11786377429962 2274.1492644399405 2549.2158236205578 2914.7039073258638 3934.4017466753721
leaf_count=5278 1291 2299 9274 6292 33195 17776 27506 5339 1690 1371 9627 10978 15251 21005
internal_value=0.00010688 -0.00953298 0.0090419 -0.0174758 -0.00474634 0.00544429 0.00382263 -0.0227208 0.0168106 -0.00268804 -0.0138006 -0.00982889 0.0102322 0.014804
internal_weight=35489.3 17067.8 18421.5 6403.29 10664.5 12607.7 9440.67 2610.15 5813.81 7609.81 3793.14 3054.67 3167.06 4250.74
internal_count=168172 74379 93793 26536 47843 61824 45282 10617 31969 34566 15919 13277 16542 22695
is_linear=0
shrinkage=0.03


end of trees

feature_importances:
ma_ratio_close_30=127
parkinson_vol_80=121
bb_pos_320=33
trade_count_log_z_120=28
trade_size_base_log_delta_50=20
realized_vol_z_400=19
imbalance_x_high_volatility_14=2

parameters:
[boosting: gbdt]
[objective: binary]
[metric: auc]
[tree_learner: serial]
[device_type: cpu]
[data_sample_strategy: bagging]
[data: ]
[valid: ]
[num_iterations: 250]
[learning_rate: 0.03]
[num_leaves: 15]
[num_threads: 0]
[seed: 42]
[deterministic: 0]
[force_col_wise: 1]
[force_row_wise: 0]
[histogram_pool_size: -1]
[max_depth: 4]
[min_data_in_leaf: 300]
[min_sum_hessian_in_leaf: 0.001]
[bagging_fraction: 0.8]
[pos_bagging_fraction: 1]
[neg_bagging_fraction: 1]
[bagging_freq: 1]
[bagging_seed: 42]
[bagging_by_query: 0]
[feature_fraction: 0.7]
[feature_fraction_bynode: 1]
[feature_fraction_seed: 42]
[extra_trees: 0]
[extra_seed: 12879]
[early_stopping_round: 0]
[early_stopping_min_delta: 0]
[first_metric_only: 0]
[max_delta_step: 0]
[lambda_l1: 2]
[lambda_l2: 10]
[linear_lambda: 0]
[min_gain_to_split: 0]
[drop_rate: 0.1]
[max_drop: 50]
[skip_drop: 0.5]
[xgboost_dart_mode: 0]
[uniform_drop: 0]
[drop_seed: 17869]
[top_rate: 0.2]
[other_rate: 0.1]
[min_data_per_group: 100]
[max_cat_threshold: 32]
[cat_l2: 10]
[cat_smooth: 10]
[max_cat_to_onehot: 4]
[top_k: 20]
[monotone_constraints: ]
[monotone_constraints_method: basic]
[monotone_penalty: 0]
[feature_contri: ]
[forcedsplits_filename: ]
[refit_decay_rate: 0.9]
[cegb_tradeoff: 1]
[cegb_penalty_split: 0]
[cegb_penalty_feature_lazy: ]
[cegb_penalty_feature_coupled: ]
[path_smooth: 0]
[interaction_constraints: ]
[verbosity: -1]
[saved_feature_importance_type: 0]
[use_quantized_grad: 0]
[num_grad_quant_bins: 4]
[quant_train_renew_leaf: 0]
[stochastic_rounding: 1]
[linear_tree: 0]
[max_bin: 255]
[max_bin_by_feature: ]
[min_data_in_bin: 3]
[bin_construct_sample_cnt: 200000]
[data_random_seed: 42]
[is_enable_sparse: 1]
[enable_bundle: 1]
[use_missing: 1]
[zero_as_missing: 0]
[feature_pre_filter: 1]
[pre_partition: 0]
[two_round: 0]
[header: 0]
[label_column: ]
[weight_column: ]
[group_column: ]
[ignore_column: ]
[categorical_feature: ]
[forcedbins_filename: ]
[precise_float_parser: 0]
[parser_config_file: ]
[objective_seed: 16083]
[num_class: 1]
[is_unbalance: 0]
[scale_pos_weight: 1]
[sigmoid: 1]
[boost_from_average: 1]
[reg_sqrt: 0]
[alpha: 0.9]
[fair_c: 1]
[poisson_max_delta_step: 0.7]
[tweedie_variance_power: 1.5]
[lambdarank_truncation_level: 30]
[lambdarank_norm: 1]
[label_gain: ]
[lambdarank_position_bias_regularization: 0]
[eval_at: ]
[multi_error_top_k: 1]
[auc_mu_weights: ]
[num_machines: 1]
[local_listen_port: 12400]
[time_out: 120]
[machine_list_filename: ]
[machines: ]
[gpu_platform_id: -1]
[gpu_device_id: -1]
[gpu_use_dp: 0]
[num_gpu: 1]

end of parameters

pandas_categorical:[]
